-3548 -259 62 1065 -916 -1289
-4031 -493 470 1230 -2092 -1796
-2263 -999 1356 1337 -3498 -1949
-2023 -3928 2651 1024 -2860 -1486
-2450 -5676 3229 326 -1999 -700
-2228 -7454 3782 1460 -2531 -733
-1048 -6207 4125 1118 -3132 -554
-2035 -4419 3975 1266 -2297 -481
-811 -3532 2456 576 -2995 -610
239 -2411 2176 206 -3048 -884
-94 -67 3153 238 -2684 -1019
1468 2586 1232 -211 -3464 -885
2722 1851 -1361 -1200 -3611 -580
2802 1625 -1038 -1218 -2036 -456
1054 2596 -128 -780 -370 -244
267 1047 -910 -1005 -344 220
1694 -1195 -572 -902 -773 350
2519 -1065 1812 -367 -99 249
1059 -5094 1546 -1347 494 953
2655 -6954 2104 -1885 723 1784
961 -8228 3116 -1876 2221 1907
-803 -7247 3417 -2308 2399 2231
-1475 -6200 2473 -2583 1744 2545
-1523 -5500 1462 -2677 1991 2659
-2082 -3712 838 -2352 1610 2803
-2117 -2109 26 -2108 441 3075
-1708 -499 -208 -1678 -450 3322
-1897 1301 -308 -1247 -610 3558
-2837 2475 -1665 -1155 -1270 3693
-2291 2324 -1865 -967 -1330 3326
-2527 2672 -1322 -218 -1057 3014
-2589 1094 -1076 -371 -2190 2927
-3034 -887 -199 -746 -2173 3348
-5186 -1194 314 -303 -784 4191
-7564 -1679 -942 -1218 -558 5548
-8771 -1657 -313 -1422 -1146 6261
-7664 108 2490 267 -650 6236
-8278 1819 3515 264 298 6089
-9832 1471 1220 -1251 -1674 5960
-7305 898 1273 -1511 -4585 5466
-3651 55 1953 -855 -5174 5152
-1297 -266 2569 -1021 -3002 4810
-58 169 2245 -1313 2554 4273
-3629 -327 -759 -2528 7015 3263
-5281 -2227 -1625 -3588 4908 2214
-3505 -3259 -449 -2777 1515 1609
-1422 -1782 1375 -1700 295 1341
-1292 -1208 1612 -1706 786 1127
-3046 -509 1520 -1863 1812 896
-4969 899 1435 -1461 2192 431
-6739 2083 2267 -1264 1523 -206
-8917 5048 3586 -905 872 -397
-9480 7608 3192 -1321 606 -645
-8094 5717 2439 -2369 603 -1098
-5780 4395 2692 -2207 582 -1311
-3445 3743 2810 -2204 635 -1201
-2197 2598 2144 -2739 1646 -1065
-1705 1678 1026 -3080 2463 -1011
-1555 800 698 -3096 2252 -1087
-1509 738 1166 -2666 1503 -1157
-128 1303 1219 -2359 843 -1170
288 1594 1258 -2393 820 -1112
39 1935 1413 -2225 889 -1045
-1232 2714 1895 -1969 287 -769
-2340 4486 1847 -1769 -673 -199
-2233 5594 1732 -2109 -1283 642
-4724 6079 1500 -2338 -500 1694
-7478 4992 778 -2564 886 2844
-8282 3481 846 -2722 2034 3433
-8123 3027 1343 -2319 2591 3299
-7514 2126 693 -2509 2881 2706
-6906 1204 30 -2650 2745 2359
-5614 550 3 -2391 1932 2139
-4545 -98 -180 -2380 1411 1805
-3453 -596 -401 -2401 1160 1474
-2266 -846 -518 -2126 950 1103
-1298 -1264 -523 -1859 709 744
-445 -1821 -334 -1683 616 450
-9 -2194 -396 -1454 657 223
286 -2820 -273 -1285 692 74
28 -2621 28 -570 1080 -3
-913 -2317 43 -130 1766 -176
-4301 -2681 -528 249 2120 -325
-9194 -2475 -2436 1222 2344 -474
-18207 -1263 -1816 2986 1955 -1432
-18622 5134 1483 6314 592 -2467
-20295 6778 -958 4429 -2268 -3871
-13236 5079 -474 2464 -5827 -5056
-8969 7016 295 2752 -5229 -5472
-4714 5244 -1561 438 -4140 -5136
-1368 4993 -2785 -226 -3455 -4320
1532 5088 -2680 27 -2078 -2878
2504 5076 -2010 -204 -612 -1485
4088 5524 -2835 -225 -602 -380
5170 4369 -3757 -493 -1274 887
4602 2862 -3280 -592 -1033 2297
3195 2694 -1989 146 -7 3582
1542 2344 -972 282 701 4524
186 1428 51 -222 480 4985
-2561 1258 -728 -275 412 5437
-7307 248 1724 -159 806 6243
-15276 6169 2215 1047 1358 6798
-24759 18825 5531 2008 1606 4236
-15810 6306 6803 -2108 1267 -70
-7203 3899 3065 -1784 24 -1751
-2970 1514 2711 -2463 221 -1933
-587 744 1712 -2422 408 -1419
1381 -108 184 -2248 571 -857
2976 -2119 -803 -2413 1357 -515
2815 -4173 -1914 -1560 2658 8
2092 -5577 -1110 -268 3597 147
416 -4809 1782 1337 4440 -182
-1107 -3006 2114 2055 4127 -399
-3940 -2830 434 1321 2581 -735
-5626 -3049 -1651 1208 -895 -922
-8558 -2189 -3511 2282 -3480 -730
-12537 -71 -1042 4100 -4094 -614
-18457 6669 -783 4016 -2614 -2496
-15220 4210 -891 -3441 -3755 -4966
-9244 7175 -1008 4252 -2535 -3419
-5348 3571 -826 885 -424 -3917
-1590 -184 -695 -1055 -87 -3563
-273 1289 -1426 2187 448 -2158
1580 2705 -1422 1987 338 -1236
4113 2794 -1483 1215 -188 -402
5037 3045 -1191 1268 -232 604
4591 3016 -1041 859 104 1398
3425 2218 -872 16 336 2223
