-1509 1505 1883 -602 -925 -1195
-2963 3364 1945 -949 -190 -1576
-4466 6946 1758 -1071 -679 -1698
-4996 11092 1079 -1377 -1364 -2254
-2524 13278 741 -1441 -568 -3271
-800 13873 893 -1592 1423 -4848
-1190 15447 1230 -1501 2107 -6277
-689 16203 -371 -1280 480 -7442
-1490 15167 -604 -976 -631 -7990
-3294 12827 -565 -543 -887 -8214
-2757 10219 -493 -288 -2054 -8140
-1543 8308 -172 -115 -2858 -7762
455 6532 -412 -87 -3515 -7218
2734 4917 -445 -371 -3669 -6772
2323 3911 -1074 -536 -2481 -6984
1097 4803 -1941 -418 -1474 -7140
1520 5293 -2320 -176 -1431 -6970
2463 4617 -2089 -394 -1492 -6397
2505 5045 -1779 -345 -1439 -5627
2590 5282 -1361 -426 -1417 -4561
2392 4062 -835 -805 -1088 -3120
1703 2816 26 -459 -954 -1133
1310 930 1143 481 -1541 1469
-1894 504 3223 1795 -1005 3981
-6938 4263 6356 3933 1129 5616
-10297 8328 5583 5103 3738 6049
-4840 5110 6368 3752 2915 5948
-4495 9391 6483 3624 3717 6198
-8481 7059 4854 2132 4359 6185
-9955 4796 4220 1545 2544 5521
-6233 2254 3162 920 929 4505
-3782 178 2515 688 490 3617
-2328 -1261 2678 471 26 2779
-2193 -990 3111 432 -44 1747
-1824 -1286 2401 -225 -289 1133
-1194 -1857 1662 -796 -716 639
-1829 -1756 2032 -908 -436 -32
-2092 -1184 1909 -1111 120 -695
-1881 -917 1433 -1474 347 -1151
-4205 229 1576 -1655 1089 -1700
-7515 2336 1818 -1683 1465 -1932
-9644 3894 2836 -1424 674 -1668
-8337 4821 3363 -981 479 -1822
-8596 3742 3355 -1582 1522 -2084
-7771 3237 3325 -1497 1098 -2414
-6750 2789 2498 -1347 824 -2360
-5351 2417 1639 -892 1392 -2604
-4137 2579 1975 -143 1259 -3066
-2713 3242 2005 429 97 -3676
-1548 3377 1592 545 -1024 -4468
-1483 3294 1402 519 -1786 -5180
-2685 3921 1851 516 -2329 -5780
-1273 3767 1444 9 -3076 -6149
-925 3133 1267 -508 -3033 -6019
-1935 2887 1856 -720 -2415 -5781
-1398 2035 1672 -1110 -2232 -5178
-1350 900 1356 -1123 -1958 -3956
-1289 -75 1587 -615 -1142 -2361
-1568 -1478 2260 -70 -50 -552
-2459 -2033 3122 920 1293 1259
-2924 -830 3887 2111 1021 3342
-1675 1144 3208 3007 632 5070
-676 3499 1456 3851 1234 6577
-357 6212 1825 4784 1822 7674
-249 7260 1776 4898 2250 8017
-2140 7097 2034 4378 3372 7967
-2356 5997 1623 3768 3639 7331
-4429 5795 2509 3018 3216 6422
-4676 4210 2954 1879 2240 5254
-4836 3533 2719 1393 1855 4202
-3976 2404 2585 720 1654 2949
-4659 1836 3067 241 1345 2140
-5218 2236 3227 -83 247 1392
-4831 3898 3233 -412 -1341 780
-4391 5707 3633 -723 -2469 639
-4160 6567 1964 -1816 -3193 641
-5545 7186 541 -2380 -1355 609
-6622 5588 1059 -2500 1086 836
-6648 3943 1588 -2644 1693 370
-6366 3090 1554 -2063 1171 -358
-5230 2498 1537 -1418 1415 -953
-4055 1407 1671 -1392 2110 -1675
-3109 635 2058 -1161 1592 -2467
-2469 1129 2649 -895 383 -3346
-1999 2245 2754 -1079 -507 -4251
-2533 2983 2697 -1540 -958 -4925
-2682 4041 2738 -2065 -1528 -5604
-1551 4667 2856 -2632 -2214 -6184
-930 5010 2569 -3043 -1927 -6472
-940 4200 2326 -3474 -1732 -6420
-721 3758 1839 -3519 -1673 -5758
438 2524 1536 -3189 -1930 -4417
803 -480 1845 -2443 -1505 -2470
-573 -2553 2526 -1264 -232 -496
-2205 -1634 3295 724 901 1776
-2001 809 4034 2699 462 3808
-99 1954 3008 3582 678 5189
171 3234 891 3930 2048 6128
25 5317 303 4335 2556 6800
247 5675 735 4262 2496 6799
774 4939 963 3694 3457 6508
957 5356 285 3146 5310 6043
148 6298 10 2153 6699 5855
-1637 6499 -228 634 6871 5949
-3418 5988 -591 -690 5580 5746
-4958 5605 -315 -1656 3717 5122
-4162 6298 -81 -2042 1528 3924
-5102 7139 -708 -1854 510 2914
-6944 8230 -457 -1144 572 2327
-8480 9066 -737 -246 328 2112
-7915 7458 -1091 -49 -1074 1154
-6852 7666 95 654 -1049 76
-6000 5973 788 435 -299 -922
-5068 3846 1075 168 41 -1692
-4585 1531 2311 29 482 -2179
-4472 133 3507 159 -179 -2863
-3832 433 3623 289 -2181 -3703
-3372 1512 3346 -231 -3722 -4383
-3086 3173 2937 -1014 -4540 -5099
-2285 5244 2440 -1760 -4337 -5685
-2662 6030 1912 -2731 -3084 -6161
-2788 6498 1570 -3339 -2105 -6692
-2433 7163 1416 -3634 -1507 -6921
-1945 7415 952 -3817 -1447 -6629
-1251 6240 495 -3836 -1716 -5601
-915 4587 412 -3479 -1742 -4246
-1218 2769 916 -2472 -1186 -2507
-1280 2943 1658 -779 -516 -602
