-1593 1905 2286 1655 -843 -2537
-1042 1915 1200 1633 103 -2150
-537 2069 152 1596 -279 -1675
984 2265 -749 1637 -1535 -1274
1605 2301 -1202 1490 -2117 -958
2147 1599 -1480 1008 -2176 -719
1871 1447 -1436 980 -1820 -399
1394 1826 -998 1301 -1158 188
1151 2130 -265 1341 -910 825
1324 2423 -49 1522 -1008 1533
604 2839 515 1852 -561 2451
-553 4970 1684 2860 499 3548
-3889 9208 5073 4471 2290 4704
-6578 12626 6839 4365 3651 4732
-7368 12896 5925 3076 3936 4112
-6861 11343 5955 1884 2785 3427
-5580 8226 6024 1008 1789 2611
-3412 5027 4874 246 1864 2113
-2217 2624 4098 -181 2359 1949
-1786 812 3513 -517 2539 1829
-1188 -254 2949 -693 2138 1656
-681 -1217 2320 -861 1751 1357
-548 -1921 1933 -1118 1438 988
-677 -2339 1605 -1262 1146 614
-876 -2380 1488 -1215 896 237
-1767 -1766 1770 -1080 585 -136
-2777 -871 1684 -1094 247 -461
-4530 -97 1772 -1272 -10 -1015
-7009 492 3399 -1101 -93 -1658
-9446 3526 4503 -474 -360 -2422
-9263 6270 4971 -120 -1365 -3195
-8765 6684 4704 -775 -1178 -4018
-9442 5944 4272 -1314 -478 -4611
-7807 6879 3893 -797 -1735 -4818
-5875 6368 3385 -826 -2545 -4690
-4578 5451 3126 -1077 -2249 -4482
-3032 4920 2811 -961 -2125 -4325
-1609 4150 2242 -763 -1589 -4163
-888 3173 1577 -539 -714 -3964
-351 2755 1106 -201 -243 -3774
-67 2501 783 245 -3 -3463
56 2199 590 580 15 -3062
94 1862 434 895 -137 -2660
4 1776 390 1323 -419 -2218
320 1695 340 1846 -870 -1774
638 1700 500 2452 -1392 -1336
280 1770 1373 3040 -2092 -597
-61 1977 2396 3869 -2699 141
-1273 2977 3426 4810 -2192 671
-2552 3595 4319 5081 -1199 952
-5045 4555 6636 5030 -1928 952
-3139 5410 8446 4446 -4616 454
-412 4367 8282 3241 -4535 -310
-31 3741 6617 2181 -1035 -621
-957 2427 6004 1114 1554 -680
-1102 1901 5463 917 1992 -774
-652 1394 4682 640 1520 -898
-574 911 4032 360 1146 -946
-552 671 3436 264 717 -982
-617 530 3068 317 191 -1060
-731 411 2709 351 -182 -1126
-751 193 2576 426 -588 -1238
-733 12 2429 619 -670 -1366
-1051 -11 2244 813 -414 -1496
-1735 308 2414 1048 -301 -1633
-1710 459 2373 1284 -395 -1861
-2010 479 2083 1313 14 -1996
-4538 1096 2367 1386 532 -1877
-6158 1864 2490 1737 50 -1780
-7164 2207 3156 1896 -939 -1872
-7759 3163 3436 1800 -1174 -2053
-8732 4243 3006 1468 -905 -2451
-8871 4445 3067 929 -1309 -2742
-7130 4630 3178 346 -1971 -3227
-5183 3679 2974 -356 -1568 -3558
-4687 2890 2318 -823 -877 -3840
-3715 2602 1423 -849 -574 -4074
-3018 2086 1031 -784 -408 -4089
-2331 1749 748 -629 -551 -3979
-1605 1643 531 -338 -683 -3686
-1015 1454 274 -101 -608 -3183
-791 1313 130 143 -275 -2565
-753 1376 -49 490 126 -1835
-493 1500 -176 966 500 -1119
-423 1635 -87 1525 879 -315
-108 2094 240 2145 1515 346
-1158 3469 175 2856 2890 1109
-1824 3582 948 3306 3215 2128
-1885 4104 1549 3692 2427 2704
-3733 4696 1428 3817 1640 3085
-6357 5331 2231 3580 70 3301
-7223 6928 4285 3307 -1924 2909
-5827 7179 5293 2492 -1391 2075
-5840 5431 4850 1201 1259 1526
-6190 3380 4106 73 2553 1118
-5093 2009 3628 -389 1701 987
-3726 1075 3394 -625 840 866
-2613 277 3098 -749 385 719
-1753 -465 2685 -849 239 558
-1244 -1003 2267 -893 361 378
-1011 -1354 1877 -923 549 165
-771 -1474 1485 -845 569 -10
-1068 -1239 1321 -669 576 -206
-2007 -1017 1359 -511 461 -447
-3558 -668 1469 -271 102 -708
-7144 102 1912 108 -381 -1176
-9052 1807 2704 762 -1066 -2027
-9822 3973 3428 1444 -1257 -2867
-9846 5129 3329 1148 -585 -3455
-9032 4703 2113 887 -773 -3662
-7277 4771 1519 883 -1383 -3591
-5451 4754 1195 929 -1391 -3185
-3040 3810 1006 778 -1005 -2594
-1779 3202 626 797 406 -2151
-822 2525 360 918 1931 -1476
-429 2244 137 1099 2270 -795
-321 1930 -91 1123 1821 -181
471 1690 -343 1122 591 406
761 1444 -492 1048 -64 853
825 1239 -504 926 -341 1183
673 1088 -378 840 -515 1437
503 1047 -276 686 -772 1613
482 1337 33 543 -1130 1773
366 1975 162 410 -1297 1984
-1986 3179 -597 95 -971 2428
-9219 5597 -260 -5 -191 2811
-11833 10243 1945 282 -857 2510
-8976 11093 4897 -399 -86 1640
