-3474 -1309 539 802 1039 -1861
-2883 -1471 544 965 1544 -1502
-2223 -1285 984 994 1360 -1228
-1327 -1367 1116 1002 744 -1013
-597 -1202 656 764 357 -897
377 -849 352 623 135 -778
357 -347 221 493 325 -715
-758 -137 229 399 509 -736
-1588 -270 288 370 384 -912
-2307 -436 141 359 312 -1222
-2896 -1110 411 384 241 -1430
-3113 -1973 565 390 -306 -1427
-2947 -3390 449 4 -640 -1194
-2616 -2453 801 -190 139 -691
-3757 -3521 696 -341 846 -35
-4275 -2805 637 -264 175 592
-4927 -2213 945 -68 -470 1035
-4669 -1373 1403 -124 -1179 1629
-3917 -956 1257 -250 -1453 2225
-3500 -981 991 -406 -1416 2709
-2718 -854 1092 -304 -2392 3214
-2420 -829 1029 -138 -3730 3735
-1904 -756 1071 262 -5448 4027
-906 -745 1232 900 -6876 4169
156 -1019 1443 1402 -7384 4126
1440 -1362 1267 1734 -6666 3848
2022 -1382 815 2030 -3955 3516
1731 -1681 571 2030 -691 3373
1297 -1839 947 2065 2568 2928
-2491 -858 2267 2188 5655 2358
-11120 -1070 2412 1198 7519 1541
-17685 -1486 3455 204 3289 562
-12396 2518 6836 2104 -2650 -910
-7767 2783 6157 849 -4058 -2412
-6648 254 4699 -620 -2119 -3179
-5309 1118 3692 377 -1302 -3517
-4460 938 3347 488 -127 -3495
-3362 1217 2796 923 229 -3219
-2122 1205 2291 1271 -69 -2875
-1321 907 1876 1337 147 -2472
-706 639 1454 1450 398 -2093
-238 432 1095 1557 655 -1680
-68 209 871 1648 821 -1236
-103 82 743 1772 626 -851
-94 71 449 1913 210 -484
-528 -42 -395 1946 -114 -163
-567 -558 -701 2070 -924 11
128 -431 -570 2993 -2378 118
251 468 -19 3861 -3162 357
298 1269 683 4485 -3634 696
-2229 2221 3353 5390 -4195 1428
-5096 7305 6353 6948 -5148 2219
-4953 9080 6245 5958 -5377 1551
-5397 10857 9026 4107 -4559 452
-2166 8149 7966 2550 -2868 -1544
-1570 5517 5895 861 1082 -1813
-1388 3269 5213 345 2019 -1792
-1316 2329 4249 154 2001 -1308
-630 1472 3363 -105 1642 -949
-470 1049 2876 39 1788 -654
-814 674 2527 71 2101 -546
-1002 309 2093 197 1883 -530
-1176 102 1738 445 1373 -588
-1242 -91 1486 782 604 -742
-1520 13 1321 1280 -130 -1045
-1658 356 879 1726 -854 -1407
-2033 665 581 2169 -1487 -1920
-3333 1090 533 2865 -1711 -2287
-4636 2385 1773 3771 -2022 -2111
-6093 4539 2790 4489 -2826 -1644
-7037 5119 2281 3973 -3377 -1629
-7291 4991 2716 3125 -3288 -1970
-6054 5022 3024 2481 -2889 -2459
-4986 3569 2442 1442 -1616 -2692
-4027 2796 2176 771 -695 -2736
-3253 2196 1894 317 -316 -2774
-2774 1720 1749 -21 -256 -2782
-2427 1592 1597 -155 -240 -2681
-2019 1309 1224 -253 -211 -2503
-1577 1113 892 -332 63 -2286
-1678 819 766 -230 404 -1969
-1538 972 777 138 341 -1576
-1342 1320 715 584 345 -986
-1507 1492 559 882 603 -258
-1742 1678 647 1308 461 482
-1201 1949 675 1861 -147 1207
-778 2024 686 2183 -479 1863
-750 2189 731 2514 -759 2310
-811 2488 938 2867 -1007 2684
-770 3169 1093 3147 -1325 2969
-1302 4530 1344 3501 -1631 3225
-3280 7525 2247 3767 -1858 3207
-5435 11842 2769 3351 -1822 2617
-5224 12672 4571 1421 -1431 1496
-3920 10342 4165 -293 1326 111
-6071 6458 3138 -1907 4874 -623
-4695 4064 2724 -2245 3068 -1065
-3154 3233 2204 -1957 1188 -995
-2037 1501 1384 -2278 447 -805
-926 -575 851 -2351 -62 -657
-415 -1928 580 -1934 203 -496
-416 -2591 479 -1504 925 -475
-888 -2922 693 -1099 1357 -631
-1446 -2465 852 -771 1155 -834
-1591 -1670 785 -436 460 -1130
-2966 -947 761 -255 109 -1468
-5518 11 2142 -52 -376 -1951
-8728 3058 3734 574 -709 -2729
-11221 4963 4357 406 -1237 -3340
-11917 6406 4646 306 -1473 -3805
-11185 6271 4493 -44 -1283 -4050
-7629 5562 3492 -297 -2008 -3947
-4705 4439 2602 -521 -2097 -3493
-2224 2931 1165 -675 -1610 -2860
-140 1626 -56 -424 -840 -2110
681 719 -509 242 317 -1006
846 1067 -340 1032 568 17
2524 2224 -566 1899 -172 738
3899 2525 -1593 2161 -330 1369
3264 2065 -2065 1858 -4 1927
2620 1818 -1841 1978 -609 2461
2526 2358 -1251 2441 -1178 3248
2021 2907 -721 2690 -943 3888
1267 3429 -290 2664 -646 4319
-575 5509 317 2858 -690 4842
-4587 10749 2239 3644 -604 4903
-10085 19914 2072 3547 1551 3845
-11739 15827 5243 1698 3632 3113
