-4119 3532 3627 -33 -348 1582
-4197 3288 4499 364 892 2031
-3614 2638 4894 516 906 2086
-2970 1956 4537 481 1048 2106
-2655 835 3826 376 1310 2188
-2557 1 3272 276 1176 2203
-2326 -300 2614 246 554 2102
-2439 -612 2343 121 -497 1899
-1493 -1081 2743 17 -1896 1492
-309 -1272 2880 -136 -2223 973
479 -1349 2576 -326 -1259 401
312 -1439 2243 -472 -116 -112
-221 -1740 2008 -640 687 -679
-784 -2592 1961 -771 763 -1095
-2001 -3853 3001 -646 421 -1159
-4548 -2747 5047 -23 248 -791
-6034 -1659 6094 127 211 -437
-8390 55 6368 157 1369 -464
-10022 1559 6556 -259 2323 -1128
-9045 2326 5511 -624 2441 -1888
-6538 2189 4435 -911 2198 -2481
-3880 1832 3435 -944 1481 -2658
-1950 2007 2663 -830 697 -2618
-1107 1808 2081 -538 -214 -2406
-421 1738 1494 -182 -1273 -2054
267 1496 977 145 -2027 -1642
450 1303 436 349 -2142 -1195
641 1306 87 522 -1841 -658
701 1447 -136 879 -1252 -85
533 1370 1 1150 -405 500
469 2195 324 1409 -82 1217
-155 3218 890 1550 13 2074
-3739 4241 1603 1477 151 3240
-7043 4810 2771 1594 -117 4356
-9017 7565 5109 2494 358 4741
-9052 8353 7919 1660 1300 3924
-7815 6854 6732 90 1391 2801
-5419 4102 4708 -1125 901 2127
-4446 2168 3491 -1542 1128 1901
-3486 1094 2333 -1501 1373 1880
-2648 288 1847 -1465 1562 1998
-1746 -71 1740 -1394 1360 2054
-964 -151 1576 -1337 1275 2062
-477 -376 1210 -1435 1584 2014
-606 -517 978 -1502 1841 1949
-697 -657 887 -1492 1599 1832
-321 -870 940 -1453 1086 1628
-442 -951 1018 -1346 998 1420
-784 -999 1134 -1254 900 1132
-1502 -723 1612 -1044 734 831
-4067 -82 2549 -698 764 537
-6708 1569 3948 -432 618 -25
-10942 4923 6719 -418 -316 -304
-11399 8614 8179 -845 -1498 -714
-9623 8244 7147 -2710 -1007 -1121
-6333 5824 5772 -3634 -250 -1376
-4537 4822 4300 -3887 493 -1558
-2881 3625 3014 -3976 965 -1613
-1328 2275 2217 -3745 900 -1435
-595 1182 1709 -3379 953 -1181
-203 460 1301 -2938 833 -914
-29 281 1179 -2347 558 -653
37 445 1207 -1797 93 -546
110 701 1138 -1510 -647 -467
306 818 820 -1376 -1645 -328
200 900 588 -1313 -2483 -89
131 1090 818 -1274 -3200 229
161 1735 1017 -1316 -3747 731
188 2231 1531 -1626 -4199 1587
-696 3464 1976 -2152 -4413 2677
1001 4331 1359 -2921 -4325 4010
-660 5792 -1062 -2851 -1876 5801
-5064 6267 746 -1906 2621 7875
-11048 7797 4442 -936 5868 8388
-6391 6616 8149 -354 4119 7224
-7129 8553 7831 269 5685 5305
-8020 5831 6239 -613 5706 3969
-5623 2797 3512 -623 1457 3812
-5615 986 2297 -578 -133 3747
-4756 477 2081 -159 -826 3732
-4024 390 1933 23 -993 3549
-3627 175 1847 149 -301 3443
-4066 374 2058 30 651 3179
-5496 204 1995 -563 1456 2775
-5414 -351 1898 -1279 1075 2412
-4366 -400 1611 -1757 579 1958
-3936 -407 1501 -2125 1174 1464
-3160 -605 1454 -2460 1814 858
-2602 -559 1564 -2574 2187 350
-2338 -227 1867 -2545 2568 -96
-1810 -142 1868 -2579 2765 -356
-2347 -61 2272 -2591 3053 -496
-2956 -61 2882 -2466 2852 -513
-3179 -523 3771 -2413 1786 -424
-4095 -248 4854 -2398 1244 -551
-5048 -39 5306 -2528 1507 -1024
-4930 -176 5298 -2472 1502 -1514
-6445 113 4823 -2268 2333 -1907
-10596 402 4826 -2138 2324 -2058
-8482 1361 5172 -1378 -811 -2389
-6887 1967 5197 -1086 -1434 -2831
-6738 1559 4366 -1147 -384 -3233
-5295 1534 2827 -723 -496 -3525
-3196 1718 1681 -367 -956 -3567
-1665 1596 759 -62 -851 -3152
-632 760 60 67 -556 -2515
-84 4 -206 335 -250 -1832
87 -178 -297 802 -226 -1031
277 61 -149 1196 -265 -205
268 647 30 1685 -66 855
64 1430 45 2103 377 1984
157 1842 -52 2333 614 2886
56 2445 -229 2498 717 3646
-391 2818 -160 2658 478 4190
-310 2828 57 2675 -281 4473
-163 3076 329 2856 -839 4565
-219 3713 622 3127 -1092 4618
-477 4674 853 3314 -1288 4736
-2657 6667 2681 3833 -1434 4936
-4438 13771 4207 4418 -367 4519
-8154 16490 5615 3264 776 3784
-6701 12219 6106 1120 2035 2336
-6916 8392 4672 -568 3833 597
-6063 5171 4681 -1326 2296 112
-4047 3846 3756 -1257 727 34
-3678 2312 3304 -1458 1282 243
-3088 847 2929 -1701 1269 387
-2165 -65 2074 -2014 990 344
