-2092 -787 1559 -984 581 -1089
-5380 -119 2693 -770 719 -1593
-11884 421 4469 -398 1937 -2254
-22882 9134 8229 1863 1520 -2818
-17637 13777 8960 1284 -2816 -4497
-13624 11027 8029 -1142 -3265 -5397
-8187 8997 4972 -1637 -2865 -6046
-4089 6667 2027 -2163 -1645 -6045
-1248 3808 843 -2003 -521 -5440
259 2189 190 -1487 -449 -4719
461 1732 86 -712 327 -3928
158 1768 -268 -276 760 -3260
2499 2548 -1057 337 -41 -2513
3584 3109 -2116 790 60 -1754
3042 3023 -3144 631 557 -1199
2980 2555 -3326 639 -269 -401
3276 2416 -2529 740 -1002 740
2857 2504 -1947 951 -463 1783
2579 2202 -1262 1303 104 2706
1134 321 -522 1463 391 3585
-1026 -572 1349 2314 -68 4958
-3459 2812 5837 5821 -1529 7041
-5729 16093 3545 8230 2416 6735
-22546 21325 8116 5622 4876 5347
-15083 13327 10202 3485 -1606 2870
-6349 7661 7271 1598 -2848 -65
-4729 3145 5443 483 -839 -574
-3595 1113 3853 22 137 -454
-3058 224 2602 469 -137 -83
-1154 -927 2150 569 -1420 -96
-90 -1173 1745 915 -1712 -273
63 -1073 1170 1257 -1469 -555
252 -1127 445 1105 -1786 -831
711 -1581 99 786 -2143 -1248
597 -2046 -105 586 -2019 -1618
309 -2461 -539 185 -1986 -1842
2 -2992 -819 -336 -1966 -1972
-658 -3029 -1020 -390 -1680 -2145
-2459 -2446 -787 131 -1380 -2394
-5159 -2701 -27 710 -871 -2786
-12848 -1948 3183 1492 387 -3084
-21379 4772 5747 3349 241 -4011
-20203 6710 6344 2827 -3415 -5129
-17357 5809 6271 536 -2946 -6635
-13941 5165 4609 788 -989 -6961
-8650 4213 1664 520 -660 -7180
-4453 2432 135 283 715 -6945
-2207 1373 -616 983 1624 -6257
-1181 1356 -577 1855 2050 -5232
-366 1965 -553 2568 1740 -4296
1626 2784 -1160 2764 695 -3284
3089 3241 -1716 2691 683 -2345
3295 3153 -1923 2627 1436 -1556
2791 3377 -1995 2902 1908 -491
3072 3280 -1323 3323 1439 676
2497 2773 -1009 3282 1148 1627
1717 2468 -610 3456 811 2587
1388 2392 175 3908 146 3321
861 2863 941 4461 -770 4116
653 4403 1652 5160 -1617 5025
-5357 9489 2916 6446 -851 5950
-13681 17830 7873 6503 -1113 6413
-16581 16621 13961 4610 -77 4448
-14171 10228 9243 1803 3743 1799
-9820 5225 6900 299 1727 259
-7063 1575 4110 -1004 975 -405
-3216 184 2907 -1501 18 -771
-869 -827 1807 -1589 -413 -936
550 -1849 303 -1895 -959 -1088
1080 -3115 -713 -1994 -1217 -1351
1866 -3119 -567 -1112 -1129 -1664
2970 -2306 -398 -382 -1122 -1524
3708 -2882 2 -781 -523 -1348
2777 -3588 -158 -1228 1249 -1341
730 -2783 -745 -1557 2746 -1047
-303 -1746 -643 -1249 2658 -910
-2923 -1244 192 -869 2473 -890
-8110 -773 979 -704 2223 -1175
-16159 1158 2866 398 1125 -1842
-22537 7187 4581 2471 -93 -3109
-20909 7427 5275 1633 -946 -5054
-18239 6050 5053 1199 -456 -6392
-12273 6185 3056 1073 -1798 -6758
-5708 5038 2194 730 -2591 -6382
-1695 3425 1297 366 -2324 -5497
691 1438 554 261 -1654 -4595
2161 847 -606 261 -385 -3548
2686 2059 -1249 1160 678 -2230
3717 3788 -2578 1904 310 -1318
4483 4233 -3232 1756 -134 -469
4305 3834 -3093 1775 413 667
3759 3134 -3102 1971 875 1928
2315 3245 -2459 2374 1474 3322
1462 3042 -1609 2601 1336 4295
691 3233 -868 2917 509 4988
330 3515 -510 3420 -465 5440
-1584 5664 670 3998 -1103 5982
-10152 11621 3857 5234 -735 6070
-22636 17998 6955 4661 -738 5322
-13557 17511 13977 3023 -5115 3891
-9407 8926 11564 342 -1636 895
-7296 4172 7082 -1691 4432 -439
-4344 674 4784 -3128 3485 -694
-499 -1374 2633 -4128 437 -330
2132 -1478 758 -4237 -372 276
2521 -1806 -546 -4080 547 566
2260 -2250 -1040 -3767 1199 580
1588 -2451 -1136 -3052 1386 437
1699 -2631 -1232 -2429 1134 130
1863 -2551 -921 -2080 731 -59
1716 -2254 -227 -1549 555 -119
1184 -1625 213 -1217 957 -119
664 -1368 415 -1069 1714 -165
-2660 -1625 160 -918 2943 -224
-10375 -2723 3698 -445 3827 -497
-23634 312 4403 440 3492 -2355
-19918 6080 8429 2243 -712 -4029
-16280 4938 9265 -300 -2842 -4990
-11444 4758 5650 -1714 -1620 -5566
-5333 4126 2869 -1967 -894 -5794
-2151 1921 1674 -1494 178 -5280
-976 1261 1688 -60 -230 -4661
957 1655 1201 1103 -802 -3798
2911 2103 61 1359 -1047 -2589
4090 3302 -1567 2091 -619 -1391
4245 3865 -2998 1852 177 -522
3274 3735 -3830 1168 785 677
2737 3613 -3079 1152 455 2255
