1078 1558 -386 -498 -1346 5103
-85 1870 -383 13 -827 6480
-9149 7221 3761 1946 1224 7477
-15855 15913 8216 2910 609 7497
-12841 17041 10126 1354 1388 4399
-12185 7714 7396 -1081 5924 2209
-7503 3470 3913 -1741 3932 205
-5699 737 3137 -1743 2175 112
-2927 -228 2674 -1728 317 200
-405 -654 2161 -1690 -644 355
1501 -1468 1525 -1980 -304 494
1622 -2434 921 -2279 1149 426
701 -2522 604 -2332 1877 230
709 -2243 696 -2055 1289 -73
860 -1820 942 -1754 599 -307
811 -1456 1316 -1703 516 -378
398 -1057 1713 -1684 898 -402
-2592 -553 1734 -1697 2173 -369
-9872 -446 2427 -1917 2864 -286
-12479 1612 5865 -1068 -172 -1309
-10195 5078 7109 -461 -2215 -2630
-12594 2087 6788 -2355 1466 -3625
-12135 2214 6195 -2316 1157 -4236
-8580 2937 5184 -2052 -1411 -4449
-6288 2409 3962 -2558 -2242 -4090
-2879 1881 2816 -2718 -2979 -3425
379 2438 1178 -2543 -2328 -2707
1956 1763 111 -2291 -515 -1890
1927 1330 -1087 -1757 1395 -1103
2475 1552 -2353 -989 1563 -279
3298 3704 -2793 637 714 978
2893 4757 -3485 1508 188 2522
2439 4080 -3143 2063 -319 3675
2111 4353 -2456 3029 -526 4871
1816 4846 -1452 3472 -336 5788
1492 5313 -1804 3668 -179 6410
-3897 6964 160 4151 442 6757
-8086 15727 5097 4994 768 6961
-13036 18754 9769 3348 1610 6145
-14184 14995 9074 1733 4051 3773
-10683 7790 4498 -218 4670 1656
-7639 3316 4016 -1107 1694 635
-4223 1175 3585 -1585 -310 397
-2268 355 2973 -1631 -249 463
-988 -791 2009 -2058 90 640
-158 -2141 1181 -2464 463 627
73 -2833 1034 -2268 934 475
100 -2868 747 -1946 975 221
328 -2792 616 -1988 914 -162
216 -2478 671 -1812 994 -601
-90 -1918 862 -1463 1054 -970
-1175 -1526 1041 -1360 1300 -1324
-3026 -900 1937 -1037 1170 -1708
-6589 102 2932 -576 798 -2118
-12363 2184 5127 -205 452 -2807
-15188 8981 7809 786 -1004 -3626
-14336 9077 7883 -433 -1804 -4482
-10944 8287 5937 -1555 -1782 -4884
-6277 6911 3710 -1922 -2456 -5119
-2831 5161 1964 -2095 -1916 -4766
-683 3066 624 -1702 -1037 -4123
877 1340 152 -805 -27 -3282
1358 965 -80 95 447 -2297
2325 1852 -839 941 -246 -1294
3616 2730 -1732 1647 -1008 -142
3740 2399 -2647 1734 -567 676
3120 1693 -2778 1535 114 1372
2600 1447 -2134 1959 271 2166
1926 2006 -1100 2213 271 2921
1286 2527 -519 2257 241 3735
556 2851 -1278 2167 120 4571
-1220 4840 -1223 2688 674 5462
-9008 13441 4810 5076 1194 6493
-14799 20779 9415 4264 201 6202
-17031 17522 7550 1968 292 3239
-7505 9686 6419 -301 -339 315
-3633 4357 5496 -1138 -83 -69
-2511 625 4438 -2241 58 76
-423 -577 2661 -1951 -361 465
1639 -1485 1720 -2224 -301 627
1879 -1876 1064 -2188 966 792
1425 -2026 548 -2065 2014 880
1164 -2176 250 -2192 2354 622
1076 -2014 180 -2077 2051 346
453 -1803 281 -1853 1671 154
-436 -1741 732 -1761 1216 -21
-675 -1153 1405 -1429 949 -187
-2696 -538 1802 -1112 626 -256
-7222 49 4419 -749 -131 -773
-11655 4344 7542 87 -1016 -1761
-11576 6718 7668 -676 -3564 -2941
-10419 5396 10049 -1285 -3532 -4367
-9885 6107 9799 -1885 -1943 -4630
-5683 5714 6965 -1744 -2692 -4853
-3419 4122 4598 -2202 -1248 -4615
-1450 2537 2769 -2208 478 -4332
-187 1552 1601 -1401 1753 -3615
298 1026 689 -703 2804 -2676
297 1691 316 -32 2929 -1756
1668 2441 -531 449 1970 -775
2462 2513 -1504 565 1253 93
2174 2101 -2121 568 886 580
2049 1606 -2016 705 -82 963
2130 1496 -1254 1044 -776 1618
1871 1958 -535 1375 -714 2293
1388 2003 -111 1524 -497 2954
867 2051 -177 1724 -421 3594
263 2819 -1069 2015 -95 4668
-2952 5745 523 3609 1116 5888
-10593 17756 6682 5998 1291 6566
-14263 18679 8469 3602 -510 5042
-11795 13422 7885 1634 -134 1873
-6051 8282 5728 -240 1089 -77
-4443 4285 4181 -1562 2110 -160
-3022 1238 2873 -2503 1966 209
-1548 28 1913 -2374 1331 617
-308 -826 1125 -2239 970 885
153 -1579 715 -2068 1352 1042
56 -1649 583 -1655 1698 1136
143 -1471 657 -1377 1611 1144
263 -1409 774 -1288 1287 1085
79 -1321 1000 -1210 1107 1030
-359 -1202 1218 -1154 1018 887
-892 -824 1762 -1129 997 667
-1729 -299 2373 -1255 889 314
-2753 450 2574 -1669 567 -139
-3902 890 3569 -2009 301 -421
-5957 2291 5695 -2020 359 -464
