-1104 2658 1783 2711 953 4914
-1978 2524 2774 2465 -275 4266
-1388 2654 2938 2137 -1102 3725
-1245 2750 2698 1677 -1076 3008
-2700 3437 3447 1342 -718 2350
-4169 4379 3706 1058 -892 1760
-3410 4544 3069 530 -1519 1159
-4537 5439 3887 537 -1447 1017
-6320 7171 5312 592 -1158 1062
-5689 8341 5160 214 -1147 601
-5119 8344 4214 -308 -400 -58
-4636 7156 4145 -1060 799 -827
-3620 5859 3913 -1349 1576 -1564
-2694 4521 3244 -1492 2287 -2076
-2217 3149 2733 -1605 2503 -2575
-1593 2178 2514 -1561 1807 -3006
-1512 1990 2651 -1573 618 -3427
-962 2586 2284 -1826 -663 -3944
-1012 3158 2138 -2283 -1230 -4436
-1017 4153 2408 -2521 -1413 -4989
-479 5277 2077 -2753 -1469 -5441
-826 5717 2285 -3147 -1560 -5600
-1290 5832 2213 -3342 -1794 -5273
-838 5482 1223 -3439 -1909 -4660
-240 3260 607 -3088 -1228 -3487
-941 978 828 -2207 568 -1923
-2638 -91 2215 -717 1898 -439
-2096 841 3034 1015 1816 1360
-756 2327 3013 1989 1420 2882
-829 2863 2119 2178 1590 4385
-677 3087 946 2395 804 5404
-914 3542 216 2717 231 5836
-66 3368 1157 2953 -520 5923
961 2865 2173 3093 -441 5521
-917 3412 3236 3110 1174 4875
-3223 3105 3609 2303 2022 4080
-4205 3259 3643 1608 1081 3211
-3488 3522 3269 924 -163 2046
-3100 2982 3288 199 -710 1120
-4197 3334 3724 -3 -567 547
-5288 4230 3580 -118 -319 325
-6468 5544 3861 112 -520 536
-6389 6962 4097 382 -245 312
-6446 6713 3443 -189 1476 -317
-7482 5950 3624 -642 2551 -839
-6667 5027 3511 -744 1738 -1482
-5119 4230 2963 -694 930 -2014
-3104 2809 3396 -804 615 -2397
-1480 2050 3463 -936 4 -2856
-496 1312 3447 -1363 -325 -3410
-1498 1457 3443 -1811 -384 -3988
-2694 3070 3210 -2057 -736 -4731
-2534 4241 2874 -2374 -1444 -5521
-1989 4630 3281 -2926 -1786 -6446
-857 4250 2293 -3346 -851 -7345
-8 3090 947 -3376 -568 -7549
297 1570 -270 -2891 -1078 -6865
-465 -463 -546 -2452 -1153 -4884
493 -1551 -645 -1305 -2126 -2165
2670 -674 -1122 699 -1201 1085
2105 -706 -879 1639 1401 3774
1312 2013 31 3351 2541 6184
720 4848 450 4142 2739 7823
-382 5823 631 4152 2702 8595
-316 5546 1058 4021 1353 8698
-17 4886 648 4092 -45 8259
179 5100 514 4472 -1162 7524
-408 6572 1799 5029 -2202 6499
-1330 9472 3332 5094 -1942 5734
-3227 14485 4365 4213 -959 5121
-2835 14344 2955 2348 625 3666
-5557 12825 3167 812 4185 2606
-8132 10166 2971 -219 6174 1642
-6796 7731 2997 -349 2906 916
-5333 7047 3136 -216 869 271
-4121 4598 3062 -972 632 -389
-2204 1858 2399 -1552 769 -1046
-1713 -1301 2600 -2197 2364 -1781
-2370 -2773 2368 -2366 3011 -2354
-2218 -2156 1873 -2094 1780 -2923
-2383 -941 1492 -1964 1087 -3438
-2842 -13 1544 -1956 552 -3943
-2239 1270 2134 -1617 -693 -4274
-5577 2453 2694 -1890 30 -5284
-7938 4980 3154 -1868 -421 -6480
-7754 6743 3153 -2157 -2618 -7571
-7851 6459 3851 -2924 -2425 -7867
-7108 4777 4122 -2965 -1664 -7306
-6727 3423 3817 -2321 -1042 -6073
-4691 3174 3168 -1245 -854 -4553
-1766 2959 1739 6 -406 -2795
-379 2019 858 1065 242 -993
-106 1296 570 1965 513 502
857 1423 660 2944 372 1820
1680 2367 348 3643 580 2779
1204 2744 71 3634 872 3194
1015 2437 -307 3386 116 3357
967 1863 -906 3206 -590 3364
1010 1388 -1279 3124 -775 3259
1268 1302 -1094 3405 -769 3222
750 1851 -182 3848 -526 3275
493 1866 787 3847 -664 3414
431 1960 1409 3596 -791 3513
-509 5154 1872 3661 -467 3913
-2674 11810 -61 3788 -455 4634
-6708 19720 -473 3289 -150 4550
-7078 17750 3757 1030 2227 3787
-4760 15147 3904 -695 4767 813
-6420 10968 2197 -2457 5194 -1726
-4155 7651 1341 -2413 1436 -2259
-2939 5333 826 -2285 552 -2058
-1603 2549 1330 -2548 1062 -1811
191 615 1452 -2526 -140 -1535
1318 -725 1536 -2630 -120 -1381
1943 -1198 1261 -2618 575 -1106
2883 -1989 463 -2591 827 -742
2816 -3198 14 -2639 1381 -492
889 -3665 -270 -2205 1889 -319
-21 -4239 -51 -1673 569 -354
-699 -2905 568 -720 -1339 -388
-1268 -1276 1259 134 -2220 -513
-3042 -262 2463 337 -2177 -908
-8663 1413 5516 545 -1615 -872
-12657 6966 9232 1571 -2646 -1374
-12084 10581 9358 538 -2291 -3228
-13626 9532 8999 -1490 -1107 -4462
-8642 10179 7620 -1246 -3064 -5098
-5487 8298 5117 -2039 -3007 -5047
