952 4829 -591 819 -819 787
-2914 6497 1316 2097 118 2684
-7714 11160 5884 3497 697 4301
-14185 13767 6339 3591 2529 4090
-12770 10789 2791 2642 4690 3574
-10863 8675 6509 2378 1130 3367
-8606 5148 7042 1621 1495 3130
-6155 2670 3806 607 4347 2949
-5441 246 1370 -422 4931 3040
-4407 -2830 1271 -1328 3370 3077
-2392 -3910 1060 -1634 1252 2472
-846 -4328 682 -1755 528 1619
-467 -5111 256 -1924 760 669
-412 -6045 230 -2005 374 -303
46 -5502 583 -1635 -561 -1215
-276 -4287 727 -1059 -559 -2047
-1465 -2914 893 -806 -311 -2746
-3269 -1564 653 -412 -826 -3180
-7641 -658 1204 -189 -1748 -3508
-12059 551 3968 82 -2832 -4111
-14574 5413 7471 1137 -3948 -4328
-15669 7775 8927 551 -2970 -4400
-15905 8761 7676 -909 -1140 -4728
-9719 7402 5368 -1301 -1750 -4808
-5038 5083 3484 -1645 -1564 -4379
-2073 4170 1737 -1308 -815 -3898
-256 3242 400 -528 -41 -3147
406 2361 -189 -31 987 -2289
835 1957 -446 369 1221 -1573
2134 2880 -1258 915 637 -1079
2008 2901 -2003 891 709 -640
1651 2037 -1870 698 -114 -125
1885 1785 -1306 776 -1343 608
1644 1675 -1044 885 -979 1404
1193 1434 -898 871 -318 1984
916 1415 -629 990 -16 2318
547 1296 -167 1135 130 2465
58 1226 404 1371 18 2711
-413 1950 938 2017 -688 3307
-3853 3815 2366 3046 -1175 4023
-8218 10490 4723 4966 -781 4695
-10498 15088 6173 5804 -1575 4740
-9598 14558 9084 4670 -1085 3885
-8026 12535 8060 3140 -1417 2425
-5631 9627 5684 1795 -1804 1423
-2287 6279 4674 530 -327 1335
-1158 3636 3721 -323 2074 1764
-547 1588 2887 -619 3480 1770
-445 -281 2055 -1081 4280 1732
-645 -1654 1445 -1497 4580 1557
-616 -2269 1112 -1668 4076 1227
-570 -2289 831 -1715 2942 744
-819 -2279 465 -1918 2047 305
-873 -2343 584 -2098 1282 -185
-1685 -2101 982 -2017 991 -649
-2497 -1307 932 -2035 661 -1142
-2918 -1116 657 -2436 90 -1771
-5266 -1275 1495 -2634 646 -2539
-7410 -620 3155 -1970 1387 -3392
-11580 873 5760 -1185 1190 -3623
-16566 5337 7047 -520 500 -3968
-16849 9901 7274 -206 -209 -4350
-11413 8313 6429 -1056 -949 -4842
-7740 6456 5073 -1387 -773 -4961
-3482 5165 3020 -946 -1189 -4745
-19 3531 1391 -183 -845 -4059
2123 2296 615 745 -80 -3374
3320 2765 -207 1833 329 -2824
4956 2961 -1166 2237 -37 -2229
5348 2451 -1976 2100 104 -1120
4703 1653 -2083 1911 369 -49
3775 1345 -1516 1961 390 1317
2813 1451 -1072 1909 414 2366
1793 1558 -688 1649 328 3122
881 1330 -50 1466 21 3596
408 1337 206 1484 -569 4063
85 2828 -167 1988 -1075 4820
-3306 7981 945 3402 -691 5879
-11047 22087 3734 5678 -134 6610
-10314 19623 4635 4176 2177 5776
-11894 19524 6923 2767 6071 3510
-12159 9314 4014 593 5062 1444
-6644 5375 3469 342 -1552 980
-4415 2671 3448 -808 -1142 776
-1741 487 3483 -1580 118 877
-730 -1462 2528 -2236 1556 760
-1369 -3313 1330 -2967 3023 360
-1116 -4930 975 -2736 1764 -101
230 -4597 1050 -2019 405 -624
339 -4230 523 -1935 697 -1104
-661 -4010 477 -2251 1237 -1576
-1491 -2602 1382 -1572 760 -1954
-2353 -883 1910 -1234 114 -2286
-3671 403 1929 -1472 -432 -2720
-5767 1709 2864 -1697 -851 -3712
-8585 2453 4582 -1968 -229 -4536
-13084 3171 5899 -1535 265 -4620
-14193 4643 6153 -883 376 -5055
-14208 5541 6065 -969 -31 -5057
-9886 5123 5105 -961 -1654 -4794
-6489 3547 3567 -1040 -2290 -4134
-3031 2317 2360 -874 -2181 -3621
-117 2164 1030 -264 -1349 -3050
825 748 -461 231 506 -2132
299 43 -2202 710 1632 -1378
1818 1449 -2516 2051 1417 -673
1603 3834 -2491 3424 1214 121
1473 3580 -2716 3219 -649 678
1781 2079 -2674 2950 -3245 1174
1362 2072 -1677 3504 -3768 1553
1949 2962 -987 3958 -3257 2015
1691 3121 -392 4078 -1377 2556
567 3556 -185 4145 936 2807
527 4886 88 4435 1741 3137
-1248 7144 992 5089 2072 3694
-5413 12642 3983 5575 2634 4179
-10491 17821 7787 4632 2605 4526
-10325 18772 8830 2494 2123 3438
-9132 12806 6540 148 3212 1717
-6487 7548 4199 -1521 3237 823
-4304 3841 2763 -2324 1774 541
-2612 1195 1606 -2598 1486 687
-1481 -1271 949 -2436 1510 794
-489 -2822 829 -2253 1436 607
73 -3487 852 -1915 1296 289
320 -3528 1118 -1601 1199 -70
507 -3305 954 -1623 907 -465
711 -2979 566 -1926 908 -905
