-390 2929 -708 1943 255 6011
-4947 5294 916 3084 1015 7242
-12344 10842 5614 4663 476 7387
-5516 11906 4779 4295 -2159 5695
-10698 15270 5722 3462 261 3911
-5744 11302 6334 1049 -3161 1715
-4298 6610 3985 -552 -1388 74
-2749 3751 3449 -1674 -1212 174
-1364 1247 2680 -2221 -80 -333
-1106 828 1629 -1945 1973 -134
-1318 181 762 -1992 2380 98
-640 -442 199 -2163 1377 269
204 -296 579 -2090 773 629
61 210 814 -2190 1280 987
-668 680 1057 -2476 1965 1285
-841 810 1275 -2682 2086 1426
-1305 1028 1629 -3022 2107 1514
-1863 1404 2156 -3229 1887 1579
-2396 1836 2811 -3324 1447 1606
-2791 2149 3829 -3286 972 1658
-3508 2983 4812 -3024 941 1702
-4419 3710 6377 -2817 681 1700
-3889 4826 6434 -2882 -424 1472
-1959 4341 5911 -3653 -1620 1305
-1087 4494 5821 -3876 -1441 1395
-2162 4623 5341 -3739 825 1579
-2954 3786 4752 -3759 2285 1783
-2916 3455 4173 -3586 2510 1723
-2120 2249 3763 -3575 2071 1419
-921 1520 3224 -3222 1791 1146
-979 964 2515 -2991 2562 999
-1101 723 1755 -2938 3014 913
-923 783 1012 -2747 2938 954
-1014 661 397 -2762 2778 1109
-805 544 -212 -2930 2405 1347
-807 678 -990 -3092 2170 1637
-886 639 -1933 -3323 1985 1923
-751 492 -2117 -3326 1459 2088
-197 392 -1632 -3064 933 2066
246 637 -512 -2810 1037 2035
-97 340 365 -2904 1067 2439
-5539 817 3798 -2609 664 3398
-10930 4829 10916 -1076 -1452 4937
-9160 10069 12282 56 -1879 5374
-11211 4405 6305 -889 297 4295
-1493 4412 4322 -871 -6401 4275
1585 3308 6789 -671 -5178 2895
-1721 456 5164 -1756 1508 2193
-3809 61 2705 -1749 3572 2032
-3558 -794 1473 -2022 2666 2351
-1054 -1259 804 -2029 857 2405
-531 -1048 72 -2041 931 2502
-266 -941 4 -2078 1527 2176
-468 -815 52 -1936 2211 1762
-1582 -678 520 -1937 2451 1321
-2519 -227 2456 -1775 2005 763
-5434 1479 3387 -1879 2603 -216
-8836 1614 5216 -2480 1523 -1204
-8381 2740 6114 -2167 -93 -2330
-8667 1493 5367 -2692 1001 -3471
-8367 649 4780 -2465 1397 -3983
-6381 997 4083 -1620 562 -4094
-4434 793 3560 -915 -167 -3672
-1913 708 2651 -396 -1037 -2927
-208 155 1509 4 -1348 -1901
744 -240 468 383 -534 -952
1162 -352 -95 1095 527 -45
1291 -34 -49 1857 923 1010
1421 1575 231 2527 996 1864
1352 2827 208 2715 711 2762
1687 2805 156 2298 16 3376
1049 2731 -21 1984 -163 3738
739 2658 -57 1810 -493 4031
625 2859 164 1809 -685 4241
506 3476 421 1941 -474 4453
144 4671 509 2100 -164 4778
-1740 7253 998 2705 359 5143
-6548 13618 3436 3760 857 5191
-5272 15207 4939 3238 -243 4479
-5280 14078 4830 2034 2269 3070
-8007 10787 3877 207 4968 969
-5973 6595 3714 -652 1998 44
-3148 4864 4206 -908 -717 -148
-2253 2595 3167 -1905 61 -51
-1511 -324 1715 -2661 570 92
-1071 -3450 903 -2956 1318 160
-1206 -4606 612 -2944 2151 170
-1521 -4037 289 -2375 2195 -49
-1400 -2786 536 -2017 1742 -743
-2427 -1596 916 -1836 1846 -1456
-3901 -363 1764 -1524 1255 -2247
-6080 2387 3532 -1229 1119 -3357
-9264 5016 2997 -1283 1196 -5266
-8873 5941 3716 -1266 293 -6141
-9610 4240 4090 -1207 725 -6099
-9005 4369 3436 -774 367 -5797
-7946 4489 3219 -65 -219 -5109
-5499 5011 3008 565 -1229 -4103
-3279 3877 2111 825 -1873 -2901
-1069 2314 1123 1093 -1814 -1942
474 1596 546 1669 -992 -1096
1469 1344 153 2154 270 -221
1299 2296 304 2852 1154 658
1874 2789 184 3024 582 1349
2195 2259 -166 2661 -27 1788
1948 1632 -621 2365 -634 2083
1938 1342 -565 2263 -1358 2434
1806 1802 -164 2357 -1500 2797
1429 2415 247 2301 -1116 3187
1158 2860 157 2053 -872 3478
322 4381 -375 2133 -162 3844
-2946 8393 602 3142 875 4286
-7724 16089 3970 3770 692 4560
-6755 15692 4783 2475 106 3895
-7198 13627 4809 1333 3191 2034
-7925 9028 3909 -448 3678 460
-5244 5715 3420 -1230 611 -193
-3177 4237 2800 -1478 -86 -168
-2314 2214 1791 -2077 1057 55
-1291 -100 1317 -2442 1442 142
-507 -1797 1292 -2380 1721 92
-424 -2675 1068 -2198 1952 -145
-112 -2740 1006 -2069 1639 -469
104 -2397 756 -1873 1276 -782
-99 -2192 565 -1764 1310 -1176
-285 -1989 690 -1530 1240 -1492
-1445 -1372 1112 -1169 953 -1737
-3215 -596 1683 -847 350 -1913
