485 1212 940 2111 -1498 1039
-2382 3583 3865 3675 -786 2438
-3494 4841 6440 4131 -485 3367
-5486 6263 8507 4436 -740 3586
-7311 8761 10745 3665 -3975 2872
-236 6209 7578 2430 -5699 1069
2770 3917 4570 1826 -1453 -494
-2444 1853 4259 1299 4098 -1354
-3310 -608 3833 643 4684 -1469
-1331 -2587 2816 350 1882 -1248
738 -3682 1903 394 521 -1242
975 -3875 1382 380 1194 -1549
-313 -3248 1258 656 2400 -1966
-1773 -2611 1015 931 2719 -2320
-3165 -3028 751 1103 2152 -2516
-7520 -1535 4152 2246 2257 -2138
-15268 4121 5178 4330 1640 -1889
-15222 6967 5600 3098 -2263 -2518
-10048 4885 4165 805 -4276 -3883
-5734 4282 1883 1188 -2165 -4658
-4400 2435 1218 706 1894 -4802
-3808 1106 524 972 4416 -4588
-2523 1171 317 1934 4741 -3961
-1657 1315 82 2219 4662 -3046
-1102 892 -48 1910 4463 -2069
-363 939 -216 1899 4112 -1174
768 1261 -200 1853 3825 -233
1056 1547 -63 1477 3685 565
723 1661 -17 1006 3342 1376
220 1597 32 568 2548 2117
-306 1560 192 281 1502 2729
-1614 1346 290 146 -333 3472
-1694 1061 61 138 -3583 4160
-533 513 163 382 -6439 4642
-381 500 -706 1102 -8959 5384
-5313 4221 80 2194 -10883 5578
-8000 11643 6935 4016 -12008 5260
-8788 13896 9930 1938 -12192 4201
-2414 6858 6878 -520 -8450 878
312 9156 4850 1421 672 -452
-7878 6225 5749 -1107 7151 -1351
-5691 1959 5881 -2466 3781 -1428
-1048 2856 2973 -446 -82 -721
1114 1410 1010 -1246 900 -684
524 -577 304 -2323 2952 -698
-111 -1739 526 -1713 3768 -518
1193 -2341 692 -988 4124 -530
1598 -3320 363 -1277 6058 -960
-3054 -4641 -1014 -1798 7294 -1431
-5404 -4485 -969 -891 4097 -2004
-2918 -2156 -1231 632 -509 -2408
-2939 -1160 -75 763 -1502 -2789
-7221 320 593 1519 -982 -3038
-14597 2510 1085 2545 -83 -3755
-16829 5897 1810 3088 -1588 -4252
-11172 5669 2903 2416 -3261 -4835
-8650 2873 3313 712 -1581 -4797
-7065 2783 1279 945 184 -4188
-3234 1751 204 638 -441 -3429
-311 1103 -422 453 -981 -2384
1012 1028 -413 1192 -1139 -1105
1261 1546 224 2133 -969 127
1523 3036 1 2687 -825 809
1370 3360 -1452 2724 -948 1252
2098 2458 -1367 2436 -1706 1728
2524 2590 -1623 2814 -1662 2333
2062 2856 -1526 2959 -769 2927
1298 3017 -1033 2798 -460 3416
985 3441 -214 2925 -412 3995
740 4111 -175 2853 -179 4746
-1504 6845 1018 3067 1000 5668
-10145 13697 2141 4529 3531 6219
-9372 17563 2236 4271 3254 5899
-11114 15128 5105 1382 3251 3503
-8544 8853 2303 -1105 5672 524
-8329 4850 -272 -1634 5278 302
-7414 2961 609 -1524 3910 335
-4505 750 1374 -1881 2363 173
-2368 -1089 1378 -2035 1393 -72
-1016 -2713 1191 -2339 1514 -323
-550 -3698 818 -2210 2158 -553
-680 -4115 845 -1672 2680 -1005
-662 -4024 608 -1003 2423 -1464
-6 -3420 271 -707 2011 -1743
314 -2899 541 -614 3029 -1952
-1835 -1798 -259 49 4606 -2042
-6095 -109 -2549 753 5172 -2250
-11524 1977 -5889 1241 3485 -2075
-13618 5755 -7101 3179 -622 -2120
-12372 7665 -5249 3014 -946 -4229
-13696 8795 -7205 2510 928 -4100
-10477 6690 -4332 2802 -266 -3539
-6765 5291 -2117 2539 -2400 -3485
-2822 5113 -899 2976 -4820 -3008
683 3689 -537 2075 -6022 -2308
2808 1968 -62 1235 -5801 -1486
2450 1394 -882 1198 -5096 -668
3620 2348 -1041 1477 -4294 18
4695 3083 -893 1990 -2687 912
3513 2765 -1215 1725 -1589 1712
2480 2239 -1127 1032 -1637 2473
1721 2271 -895 1081 -2194 3196
956 2707 -507 1572 -2908 3860
1173 3454 243 2092 -3306 4349
-568 4937 951 2530 -3205 5002
-6901 8952 3951 4150 -3675 5587
-5921 13337 6416 5032 -4800 5476
-2888 13893 7096 3701 -4564 3952
-5828 13520 8305 2722 -2382 2120
-3316 8178 5322 303 1644 485
-3352 5171 5020 -765 2528 544
-2641 3186 4382 -864 2264 754
-1643 878 2983 -1611 1740 789
-996 -527 2098 -1542 1559 823
-647 -1804 1637 -1519 1400 771
-202 -2887 1615 -1623 1306 617
-24 -3225 802 -1789 1328 240
-71 -3246 -336 -2145 1251 -308
-1356 -3192 423 -2052 982 -777
-1739 -2091 1803 -1244 438 -1136
-1988 -30 3542 -1052 523 -1424
-4655 1501 4830 -1459 1216 -1900
-9021 2505 8168 -1736 1664 -2483
-10155 5914 8585 -886 1926 -2993
-12139 7448 6873 -594 3076 -4128
-12834 7867 5941 -274 2916 -5133
-8249 8058 4451 810 1220 -5530
-4308 5907 2595 379 1092 -5621
