-1750 -1995 835 -2095 1961 916
-1467 -3157 1043 -2114 1547 556
225 -3459 1463 -1794 1312 239
1458 -3577 775 -1937 2122 -114
58 -3716 115 -2662 3449 -487
-942 -2477 261 -2237 3193 -921
-906 -718 732 -1498 2125 -1311
-933 -294 882 -1608 1450 -1873
-1961 -224 930 -1675 1610 -2231
-4665 158 568 -1126 2204 -2474
-7358 -227 508 -813 2169 -2681
-9646 -672 1689 52 965 -2533
-13126 -526 1310 1248 295 -2021
-14994 188 1414 1904 -244 -1506
-15773 1995 1423 2318 -1758 -1366
-14049 3809 1552 2248 -2002 -2359
-9055 4099 1475 1825 -2388 -3082
-5036 3785 1259 1106 -1791 -2788
-3269 3442 948 779 -102 -2180
-1405 3344 486 807 666 -1436
-807 2654 283 806 965 -468
-353 1660 432 832 909 47
876 1906 130 928 331 131
1590 2528 -754 865 -444 279
3175 2256 -822 778 -1471 597
4319 1849 -1987 730 -556 1366
1795 2143 -2115 960 1999 2132
745 2350 -1168 1114 1504 2738
1084 1677 -290 782 -230 3135
1239 1384 660 486 -668 3545
-3 2326 1012 327 231 4081
-4602 3569 456 -508 1778 4580
-13309 6083 -29 -1614 1852 4516
-17070 8318 317 -1262 447 3797
-15612 8451 1433 -284 2742 997
-13875 6511 4787 -1375 3744 -812
-8443 4717 2169 -1757 -136 -1669
-5185 1602 112 -2841 -252 -1630
-2633 -379 -186 -2754 531 -1222
-284 -916 526 -2282 207 -857
1089 -1453 999 -2384 313 -513
1863 -1553 1006 -2387 692 -132
1409 -1756 680 -2144 789 373
1094 -2433 466 -1993 268 569
310 -2617 320 -1460 -308 533
-902 -1903 -591 -701 -158 263
-1196 -2389 -348 -74 -67 -537
-2298 -1452 -842 983 -372 -1224
-5287 -640 -2432 1518 -796 -1527
-10354 -1324 -690 1814 -1463 -1494
-15936 1923 -22 3517 -967 -1280
-19073 5098 782 4231 302 -2121
-15932 7294 1627 3900 -1946 -3392
-7476 4510 1678 2241 -3653 -4147
-4671 2794 1008 1302 -471 -4217
-2713 1533 434 1446 1241 -3504
-1065 1077 384 1429 594 -2659
1916 1523 -22 1310 14 -1904
2881 2404 -1216 1381 567 -1258
3264 2715 -1586 1570 363 -570
4909 2664 -1452 1524 -1094 212
5332 2340 -1296 1226 -1576 1020
3556 1919 -1103 927 -627 1934
1893 2193 -990 691 -106 2780
1123 2174 -264 491 -643 3336
452 2239 71 244 -1301 4008
-1025 3069 312 -54 -1525 5431
-8512 7515 677 956 -154 7222
-19560 21736 2310 3153 1623 6943
-16003 15739 6854 525 -105 4001
-9240 9079 3943 -2428 1748 126
-6797 3752 419 -2909 2768 -769
-4194 -585 227 -3768 2668 -638
-2164 -2107 406 -2564 1618 -542
62 -1954 595 -1561 210 -109
1602 -2618 879 -1733 -329 173
1422 -2623 1076 -1520 98 322
1209 -1901 1124 -954 31 415
1435 -1613 1126 -708 -647 377
1562 -1969 1032 -609 -1098 320
1159 -2007 866 -523 -1134 382
313 -1604 536 -397 -994 515
-2135 -1040 -176 -288 -832 654
-7493 -58 -455 -86 -596 636
-15846 4272 1270 576 -1097 687
-17260 17468 3418 3161 -2389 -19
-13035 10728 2529 -540 -488 -2546
-10755 6372 3069 -2842 1068 -4065
-6478 8141 1858 2 565 -4679
-3494 5528 1569 -1478 978 -4671
-1065 3794 1435 -872 819 -4180
-38 2815 1393 -354 908 -3404
263 1772 1510 -464 1002 -2682
257 1500 1154 -470 734 -2066
656 2240 566 -442 144 -1548
1346 2843 -82 -677 -298 -1207
1918 2726 -447 -1341 -811 -877
2589 2588 -862 -1925 -1167 -474
2460 2720 -1088 -2418 -1097 5
2085 2678 -841 -2873 -743 668
1660 2375 -441 -3273 -413 1531
364 2583 -318 -3705 -29 2787
-1032 3050 -1998 -3668 381 4890
-4238 3392 -1991 -2381 892 7207
-12136 12578 5614 2626 2154 9087
-13291 19489 1184 2863 4086 7028
-22975 12882 607 -1003 1213 3614
-5951 6067 3909 873 584 722
-9171 3712 1826 -1288 4592 -49
-6851 -72 1012 -2627 4629 -198
-3977 -546 950 -2523 2754 16
-1906 -1129 1045 -3132 2001 -120
-961 -898 249 -3472 1542 -79
-973 -1187 -649 -3488 1798 -70
-982 -1864 -803 -3387 1844 -62
-936 -1757 -407 -2840 1611 -93
-616 -1450 256 -2525 1409 -170
-642 -1442 1171 -2465 1245 -159
-667 -1284 1915 -2624 1297 -100
-577 -1438 1473 -3274 1648 -91
-885 -1640 923 -3918 2456 -139
-2184 -984 697 -3942 3318 -100
-3230 -307 830 -3959 3462 -287
-3911 -42 535 -3865 3065 -548
-6609 -119 1385 -3409 2920 -657
-10131 1063 2349 -2153 2479 -829
-15069 3745 1683 -700 1397 -1481
-16850 6358 2226 413 -977 -2601
