-10281 -370 1476 -2164 2529 -1630
-17323 337 2305 -1505 448 -2448
-15156 4269 4110 664 -1045 -3282
-13189 3945 4334 246 430 -3674
-8766 3163 3061 -130 -894 -3194
-4684 2410 1883 352 -2701 -2698
-3029 729 709 153 -1621 -2104
-1426 119 892 668 -906 -1407
158 934 730 1423 -392 -564
1154 1086 221 1460 484 330
1458 955 -24 986 1911 1077
1660 1332 -375 1135 2806 1585
1717 2105 -710 1278 2943 1885
-291 2330 -1103 853 1852 1991
-2060 1863 -1386 378 -1987 2081
-354 1472 -1763 28 -5856 2063
1115 1451 -1337 269 -7262 1984
1628 1447 -644 680 -5844 1943
1579 1098 216 459 -3763 1879
322 1274 1488 282 -2291 1923
-4243 5429 4460 1206 -2469 2950
-5957 9966 9546 1600 -3585 5043
-7009 15466 15979 1899 -2414 5410
-9201 14645 13056 1595 858 3848
-7222 5965 9124 -2341 3329 868
-3910 2585 7040 -1841 3096 88
-2614 67 3917 -1440 4097 -125
-1907 -2216 1862 -2079 5213 97
-761 -3666 1417 -2304 4771 670
201 -3189 1079 -1897 3317 988
1356 -2838 906 -1540 1762 1128
2119 -3423 427 -2186 844 779
2478 -4566 540 -2625 629 229
1933 -4156 759 -1733 679 -331
946 -3088 927 -981 690 -820
-349 -2220 1408 -619 614 -1246
-2319 -1126 1654 -109 662 -1629
-6193 48 1248 319 315 -2090
-12970 115 1725 308 -228 -3005
-19378 2170 5692 1485 -1291 -3851
-17668 7998 5153 2898 -1412 -5139
-16991 5263 5535 673 -939 -5376
-9106 5621 3436 667 -2410 -5128
-3662 3932 1495 0 -1791 -5185
-979 1753 1352 -417 879 -4464
168 1140 986 436 2217 -3192
861 767 497 1093 1953 -1831
1846 1111 224 1269 1685 -580
2839 2036 -407 1791 2056 567
2966 2615 -893 1932 2702 1393
2448 2388 -1122 1458 2361 2016
2473 1884 -1038 1038 1060 2483
2141 1468 -809 840 -243 3086
1711 1763 -303 980 -816 3634
1187 2264 213 1206 -903 4053
715 2668 833 1161 -986 4383
565 3963 -509 1016 -1236 4941
-2277 7174 -2014 1538 -830 6083
-8432 15256 4794 3858 1106 7281
-22081 24265 365 4240 6606 4619
-21516 12720 3020 -1706 6355 635
-8996 9240 2508 -995 -1458 -1725
-4654 3565 892 -2687 -181 -2185
-1720 -431 4 -3220 1060 -1706
618 -2873 759 -2884 1049 -1036
1353 -2856 1212 -1337 1837 -606
1466 -2292 1592 -719 2012 -526
1405 -2714 2853 -1187 652 -581
2009 -2637 2321 -1453 -1497 -678
3658 -2850 1395 -1777 -2736 -962
3874 -3340 694 -1943 -1417 -1090
2487 -3174 195 -1735 968 -1099
1154 -2536 40 -1205 2295 -1035
221 -1715 -335 -630 2840 -985
-4174 -1941 -1452 -640 3140 -770
-15612 -2419 -4509 -843 1096 -228
-21772 -1355 -2217 423 -3611 -506
-22205 12901 3452 6354 -4340 -2789
-18877 14774 938 3902 -1363 -4510
-11596 4702 1847 -1586 -1946 -5739
-6058 5905 290 1418 -1258 -5849
-1501 4566 -118 1628 -1004 -5104
528 2269 -433 837 -228 -3962
234 969 54 1420 1021 -2782
383 1319 191 2269 1196 -1788
2114 2489 468 2903 690 -848
3213 3112 -103 2762 1037 -83
3198 2633 -1021 1864 940 424
3254 1784 -1017 1179 -137 941
3033 1561 -989 792 -835 1524
2364 1604 -834 375 -756 2192
1868 1730 -447 185 -336 2852
1634 2004 -426 115 -69 3424
1086 2535 -1206 -224 340 4369
-1391 3946 -1177 -264 1163 6009
-11938 12954 1594 1103 5664 7471
-18511 22353 -4398 2579 9111 7635
-20861 14968 -1543 -1258 5049 3159
-11085 9594 1916 -1213 -2299 466
-5309 7045 1110 -371 -1549 -1247
-5181 1388 -744 -3186 2050 -1198
-4673 -909 -1110 -1851 2190 -966
-2731 -1579 102 -1485 -143 -695
-42 -1566 628 -1470 -1667 -386
909 -1726 680 -1428 -1681 -49
1012 -1800 779 -1403 -994 54
922 -1631 984 -1027 -450 121
689 -1316 1064 -649 -408 96
578 -1299 1075 -533 -764 -3
703 -1345 1106 -443 -1213 -145
280 -1358 1148 -338 -1492 -260
-818 -1336 1731 -206 -2037 -330
-2762 -612 1693 -147 -1746 -642
-3546 -158 527 -498 -207 -2014
-4912 -717 -345 -575 228 -2821
-6135 -1106 1221 544 -241 -3352
-12626 -3882 3487 807 -1299 -3425
-13648 445 3214 1215 -2131 -3079
-13617 4072 1252 1533 -1701 -3013
-15572 3837 2127 761 -344 -3361
-12347 5772 2875 1060 -217 -4065
-7754 4251 1685 468 -216 -4664
-5102 2142 61 -84 -30 -4602
-2748 2134 -995 661 975 -4162
-1363 1361 -1017 1246 1777 -3413
-1070 842 -1175 1768 2015 -2738
-1093 966 -1160 2545 1654 -1992
-841 1501 -835 3183 576 -1257
