2576 1941 -474 1089 -1185 1279
3050 2782 -345 1510 -1874 1728
3256 1744 -101 800 -1840 1963
3133 1594 -384 462 -1451 2274
2557 1633 -401 668 -1023 2717
1709 1410 -231 392 -773 3001
1294 1380 213 304 -1036 3212
1123 2295 484 474 -1378 3618
-112 3983 974 436 -1375 4511
-6916 9009 1530 916 -702 5713
-19484 22640 4031 2720 255 6260
-15073 19828 8929 1862 331 4356
-11542 10448 5645 -2630 3006 826
-9196 4894 1858 -1780 2624 -1107
-6150 447 794 -2633 1899 -537
-3267 -3242 2188 -2304 1662 -54
-1463 -3787 744 -1435 444 -14
1709 -3886 -335 -1471 -951 -91
2262 -5419 516 -1714 -582 -520
1865 -4849 601 -790 -50 -1198
2426 -3212 624 57 -748 -1638
2633 -2193 513 -233 -989 -1978
1926 -1690 498 -556 -399 -2102
850 -1017 755 -329 -7 -1998
-375 -136 991 -143 -213 -1756
-4280 386 -1882 -238 -122 -1625
-14080 -1813 -27 -285 322 -1295
-24209 5223 5520 3430 -1193 -1629
-20522 19483 5168 6777 -4327 -2516
-13361 6576 4008 -2082 -3216 -4313
-9099 3938 1358 -1662 -164 -5047
-3517 3326 730 678 1794 -4839
-585 1125 512 61 1243 -4148
-52 133 -89 226 1182 -3298
763 396 -147 738 1165 -2286
2168 1142 -341 1246 1102 -1387
3009 2233 -806 1430 1309 -563
3669 2959 -1063 1246 845 140
3820 2878 -1150 630 327 583
3512 2330 -1029 -97 -70 1140
2745 1695 -650 -369 -459 1938
2014 1646 -345 -493 -592 2617
1091 2064 158 -269 -677 3243
1039 2555 368 -64 -1162 3902
78 2437 -184 -117 -1734 4924
-4740 6018 2017 720 -1385 6719
-16148 17966 4445 4230 -241 7731
-21952 24617 6239 4778 1198 5367
-15003 10445 6183 -1980 2348 1062
-8769 4763 2273 -1766 15 -1061
-4232 621 1033 -3080 -370 -1162
-1190 -933 950 -2819 106 -558
165 -1331 586 -1909 795 -91
877 -1930 497 -2200 1291 181
802 -2099 542 -2081 1197 294
1104 -1760 526 -1420 471 313
1457 -2036 533 -1085 -172 45
1576 -2771 103 -1138 -507 -397
1606 -3466 -66 -1113 -757 -885
1328 -3317 55 -671 -836 -1165
951 -2103 246 8 -897 -1180
-282 -1823 352 181 -900 -1034
-3740 -3051 279 -76 -591 -788
-8736 -3718 155 32 643 -225
-21909 2084 826 2581 268 -316
-24263 16423 5967 6781 -2550 -1518
-18607 13914 5149 1327 -2881 -3863
-9703 7076 3184 -1138 -1799 -5571
-5369 6467 1383 457 -1276 -5836
-1629 5070 462 326 -1275 -5432
304 3652 1 461 -814 -4553
565 2214 174 589 293 -3779
505 1284 543 1024 691 -3083
1034 1216 536 1795 423 -2341
1564 1353 320 2103 522 -1701
1481 947 -49 1992 717 -1121
1662 667 -394 2045 515 -505
1821 834 -598 2220 442 58
1598 1050 -515 2005 670 643
1202 952 -329 1532 803 1146
815 862 -258 1038 531 1685
731 1040 -42 776 47 2218
640 1474 -913 563 -144 2883
-79 1468 -1250 255 174 4167
-2315 3368 430 816 335 6300
-12277 10334 3513 3771 -672 7943
-6876 20851 1921 4735 673 6313
-17014 20752 3972 1726 3577 3612
-13567 11130 5066 -920 1716 464
-7359 4427 3053 -1984 -551 -867
-5224 2186 2086 -1088 134 -634
-3303 493 2262 -1332 621 -518
-1377 -238 2386 -663 94 -330
270 -652 2176 -580 -247 -317
1120 -1361 1410 -1161 -130 -506
1449 -2450 554 -1406 62 -730
1708 -3149 11 -1196 123 -1080
1974 -2902 -193 -390 30 -1414
1754 -2896 -405 22 -206 -1740
1579 -3116 -256 43 -781 -2085
959 -2653 204 464 -1080 -2194
-342 -1912 -9 1086 -793 -2134
-3438 -2012 -616 1271 -733 -2192
-8730 -2409 -1783 1546 -921 -2526
-17148 -2430 1011 2697 -1920 -3244
-20608 2194 2893 5001 -2394 -4679
-21336 3158 1672 3355 -1317 -5779
-13662 1797 1178 849 -552 -6041
-7798 2566 568 2098 848 -5949
-3923 1476 91 2282 2300 -5123
-842 -246 -464 2184 2482 -3549
977 -312 -668 2930 2534 -1495
1918 947 -970 3706 2529 220
2646 2220 -805 4349 2061 1800
2402 2432 -112 4317 1390 2845
1993 1934 408 4110 560 3466
1911 1620 543 4246 -485 3966
1586 1562 514 4385 -1069 4273
1097 1453 543 4298 -1557 4376
828 1445 774 4237 -2102 4387
1066 1603 848 4274 -2644 4447
1223 2336 632 4147 -2961 4718
-108 4692 46 4302 -2534 5449
-5996 9740 656 5157 -2471 6154
-9066 18240 1939 6050 -5325 6178
-6515 19092 5506 3904 -5972 3506
-4937 13929 4174 179 -395 505
-8191 11067 1877 -1014 3530 -1270
