-2487 3111 1216 -3048 96 -1194
-1468 1031 943 -2755 918 -675
-873 -799 642 -2875 1582 -467
-183 -1623 740 -2338 1616 -297
97 -1335 820 -1341 1536 -138
283 -1205 764 -1145 1449 -199
372 -1621 535 -1409 1317 -384
308 -2028 542 -1411 1068 -542
202 -2037 540 -1204 762 -710
38 -2012 466 -1215 605 -965
-603 -1759 663 -1295 454 -1205
-1409 -1079 934 -1156 47 -1477
-1576 -385 1024 -1157 -532 -1814
-3619 -666 1266 -1413 -907 -2189
-7461 -2258 1537 -1622 -776 -2542
-12886 -2113 4278 -819 -383 -2531
-17459 4266 4811 1954 117 -3008
-21429 9215 5301 2002 -126 -3494
-14535 10452 3795 1404 -2661 -4762
-5362 7145 2035 630 -3168 -5609
-2539 5255 472 645 -901 -5611
-776 4318 -349 1828 817 -4789
-270 3145 -174 2668 1866 -3600
22 1908 -228 2888 1688 -2407
740 1545 -556 3094 1369 -1401
1196 1749 -1031 3454 1722 -360
864 1718 -1044 3453 2007 559
646 1296 -562 3182 1263 1204
586 863 -144 2746 -83 1678
465 573 232 2409 -1151 1957
384 549 438 2208 -2068 2170
193 820 724 2155 -2571 2286
60 958 1164 2252 -2870 2330
39 1236 1102 2488 -3291 2561
-352 2622 1989 3133 -2704 3156
-9518 7702 4069 4659 1101 3699
-16822 17228 7663 6623 250 3287
-14507 14156 7262 3796 -1931 639
-7539 5577 6029 -53 -2995 -1682
-3718 3976 3820 1029 -2512 -2219
-1457 2941 2272 809 -1214 -1989
430 1590 1407 417 -636 -1758
1544 398 833 385 -365 -1573
2248 -657 154 309 -20 -1555
2384 -1640 -40 408 287 -1651
2104 -2144 -320 842 184 -1819
2180 -2399 -352 1236 -555 -1975
2087 -2848 -245 1264 -1079 -2043
1314 -3080 -106 1446 -1197 -1864
251 -3195 -254 1877 -1051 -1430
-4245 -4131 -188 2031 -203 -828
-17220 -3929 1662 2670 4 -74
-25606 3008 4513 5077 -3335 -1560
-18962 8627 2984 3202 -5174 -4347
-12803 2936 4971 -1856 -1789 -6382
-11135 2963 2841 -875 2361 -7025
-5309 3463 780 324 1827 -7252
-1276 2418 -81 491 1761 -6417
-341 1096 -238 850 2777 -5245
381 738 -233 1682 3319 -3923
2620 1692 -310 2750 3019 -2642
3981 2685 -991 3194 3122 -1038
3827 2768 -1008 2893 3275 388
3300 2610 -825 2925 3005 1811
2911 2649 -703 2947 2349 2816
2098 2450 -285 2746 1626 3616
1234 2102 207 2611 431 4307
852 1973 46 2524 -841 4861
628 2709 -655 2598 -1728 5533
-2030 5117 -806 3151 -1979 6789
-9376 10746 -1117 4392 -2548 8037
-16404 20993 3102 6133 -2868 7619
-15233 19333 4401 4642 1624 3336
-10634 7749 5940 -1474 4606 379
-9357 5876 -1533 -18 5087 -210
-8459 1191 -170 -1878 4250 -385
-3602 -431 2028 -1195 840 -720
-19 -920 2272 -533 -1310 -681
1106 -2614 1472 -1240 -1163 -573
1257 -3876 710 -1514 -849 -732
1454 -3887 661 -977 -1323 -865
1724 -3233 473 -316 -2030 -990
1550 -2936 460 -391 -2185 -1139
994 -2805 386 -698 -1972 -1232
429 -2548 574 -547 -1868 -1205
-1803 -1845 890 -163 -1706 -1196
-5534 -281 1174 334 -1627 -1560
-8775 877 1032 275 -2040 -2186
-14395 1062 3850 217 -2425 -2547
-16192 4685 4658 1170 644 -3993
-20487 4147 1634 -344 5802 -5160
-19607 4613 652 304 2203 -5461
-10336 6967 1501 1395 -3550 -5874
-4772 5258 869 -67 -4221 -5454
-370 2812 -884 -218 -2768 -4623
613 1453 -437 1071 1551 -2659
2413 2453 169 2285 1551 -1491
3998 4193 -525 3012 1363 -112
3986 4203 -2026 2571 1463 924
3935 2867 -2090 1559 717 1970
3648 2268 -1668 1416 379 3116
2137 2499 -1450 1337 421 4083
1537 2479 -1009 896 -308 4803
530 2784 -418 856 -1075 5183
-489 3322 -148 1265 -2301 5509
-20 4356 -1103 1635 -3769 6015
-4570 7063 236 3135 -4262 6689
-10685 20721 10677 6193 -7173 7817
-7738 19322 12160 5427 -7472 5331
-5797 13291 11759 1564 -3287 1870
-2482 7453 8219 -916 2367 -186
-4588 2616 6578 -2226 4435 -138
-1990 504 3988 -2163 1999 105
770 143 1799 -2356 675 589
1146 -1376 736 -3033 1556 725
1009 -2881 -47 -3213 2189 941
925 -3527 0 -2810 2183 942
929 -3686 -18 -2432 2061 654
1149 -3630 20 -2457 1977 269
1110 -3356 153 -2505 2432 13
-272 -2665 602 -2231 3258 -168
-2209 -1406 1541 -1601 3808 -572
-4491 868 1859 -1154 3578 -1159
-12304 2098 4014 -1325 3106 -2188
-15983 3719 8156 -1102 1374 -3166
-16211 8895 8048 216 1619 -4151
-19101 8767 5698 -695 2466 -4831
-11152 7181 3732 -1278 -699 -5105
