-7082 5775 2038 329 -484 -3908
-6320 4911 2165 565 -613 -4170
-4403 5123 1574 913 -1579 -4033
-2996 4478 1133 757 -1975 -3671
-1345 3433 780 362 -1822 -3222
-85 2874 503 431 -1350 -2718
1181 2806 -85 541 -571 -2327
2078 2748 -843 548 226 -1944
2378 2675 -1470 505 540 -1587
2959 2425 -1387 445 17 -1108
3698 1923 -1254 92 -734 -303
3864 1621 -1371 -156 -743 773
2746 1377 -1840 -96 -147 1897
2121 637 -1765 -73 372 3113
641 -98 -3 78 285 4903
-3096 2424 2700 1586 -28 7034
-10553 11336 4601 4407 509 7742
-15409 16800 4577 4109 -681 6006
-13917 11978 6591 2004 -494 2415
-7545 5448 3959 229 130 -534
-5455 2966 3765 701 -289 -1114
-3697 2002 3350 907 -251 -820
-2511 1402 2427 1036 -399 -389
-1649 439 1909 686 -252 -95
-1271 -210 1677 627 3 47
-1404 -128 1409 1055 187 114
-1292 8 1184 1276 -88 64
-840 -88 904 1240 -653 -137
-444 -367 463 1235 -984 -427
-398 -606 199 1389 -1065 -787
-618 -575 93 1647 -1090 -1141
-898 -318 -116 1909 -1306 -1413
-2088 -75 -771 1860 -1780 -1634
-2820 261 -1333 1831 -2210 -1833
-5243 9 -1267 1789 -2631 -1696
-9718 599 326 2051 -2776 -1512
-12487 4313 559 3461 -3543 -1670
-12414 6624 539 3092 -5187 -2168
-11118 5769 2607 1029 -4725 -3306
-9617 5278 1575 682 -2785 -3909
-7537 4167 755 637 -1167 -4282
-6449 3304 32 505 -26 -4465
-5766 2409 -580 887 723 -4406
-4353 1722 -686 1369 719 -4074
-2793 1222 -816 1892 621 -3687
-1514 1039 -804 2435 660 -3206
-332 1082 -804 2815 713 -2700
615 1214 -685 3128 854 -2155
1096 1308 -666 3317 870 -1688
1762 1338 -426 3449 563 -1147
2251 1422 -165 3542 225 -682
2110 1467 170 3578 10 -171
1755 1400 524 3488 -294 403
1044 1262 1161 3346 -663 1019
-817 1532 1737 3307 -877 1967
-4636 2802 2341 3284 -607 3106
-10532 5167 2711 3294 -357 3793
-11864 9015 5937 3868 -829 3445
-10887 8145 6587 2496 178 1763
-8852 4084 4888 221 1623 254
-6801 3224 3441 437 908 69
-5071 2508 2741 -284 150 172
-3411 1381 2340 -1067 -51 187
-1843 500 1878 -1366 33 165
-909 -95 1350 -1466 700 120
-553 -566 914 -1517 1369 22
-365 -966 710 -1389 1550 -124
-377 -975 659 -1139 1212 -286
-627 -851 565 -861 607 -485
-775 -757 450 -633 -142 -748
-792 -613 553 -470 -777 -1035
-812 -376 663 -327 -953 -1367
-1518 -396 521 -348 -894 -1605
-2231 -476 574 -431 -876 -1784
-2971 -1190 983 -475 -609 -1817
-4992 -1818 1327 -516 310 -1544
-7148 -870 1626 -70 1446 -1259
-9188 54 948 584 1594 -1135
-11177 16 1570 461 532 -1219
-10212 1243 2053 1158 -99 -1696
-9379 1801 2534 1620 379 -1996
-7631 1409 2490 1299 12 -1995
-4999 1523 2272 1584 -749 -1848
-3109 1378 2210 1642 -857 -1576
-1884 1191 2111 1581 -811 -1171
-858 999 1465 1557 -600 -732
-144 890 968 1518 -323 -302
441 1032 708 1607 -121 213
762 1326 584 1634 17 713
807 1733 386 1488 26 1214
773 2102 201 1259 -222 1671
731 2298 86 954 -551 2011
568 2528 151 578 -946 2367
83 3064 533 381 -1469 2867
-2257 4092 557 187 -1918 3592
-5505 5981 1388 364 -2082 4247
-8406 8152 3453 617 -1778 4557
-8634 10182 6031 1026 -459 3951
-8429 8300 6216 -22 2862 2732
-8346 5259 4265 -1070 4086 2081
-7275 3454 3435 -793 2484 1882
-5123 2289 3144 -708 933 1899
-3764 944 2757 -942 492 1864
-2225 -538 2114 -1379 617 1658
-1390 -1846 1552 -1559 1415 1447
-1280 -2778 973 -1681 2343 1122
-940 -3237 686 -1681 2423 580
-756 -3297 481 -1472 1887 23
-836 -2811 167 -1137 926 -611
-845 -2274 289 -764 49 -1223
-1098 -1668 460 -397 -197 -1735
-2127 -1176 576 -130 241 -2275
-4815 -1160 714 89 423 -2746
-8918 -1670 1521 277 107 -3028
-12389 176 2024 1214 -108 -3343
-14549 3623 2917 2276 -39 -3607
-13361 4299 2697 1723 248 -3734
-10734 3990 2674 1629 222 -4084
-8937 4164 2370 2162 -193 -3984
-6463 3799 1363 2035 -1374 -3518
-3481 3611 1062 1797 -1864 -3014
-1260 3028 595 1723 -1437 -2582
181 2078 -311 1229 -633 -2033
1398 1779 -889 1181 131 -1523
2206 2001 -1353 1535 342 -1127
2533 2341 -1475 1558 72 -870
2226 2287 -1519 1220 -336 -546
2097 2002 -1221 851 -709 -84
