-617 4081 -161 758 -923 4228
-4765 5321 1459 1069 -1131 5451
-7898 7969 4173 2044 -341 5959
-9454 11403 5128 2877 634 5482
-11129 9260 6114 1326 2775 3977
-10540 5935 4140 -239 4268 2790
-8281 3391 2969 -776 2795 2271
-7080 1891 2917 -1075 1933 2194
-4814 1035 2639 -1233 1000 2022
-3571 361 2644 -1318 666 1894
-2735 -509 2584 -1570 509 1681
-2094 -1259 2411 -1740 252 1445
-1674 -2184 2392 -1783 -66 1166
-1231 -3115 2194 -1741 -693 749
-631 -3205 1827 -1335 -931 356
-747 -2838 1201 -763 -373 -8
-2275 -2159 808 -365 232 -417
-4922 -1247 251 -45 71 -750
-6247 -117 -479 281 -1148 -1273
-6793 365 -152 736 -2303 -1574
-9057 2791 976 1846 -1914 -1795
-11268 6533 1140 2593 -1616 -2449
-10661 6323 785 1648 -2181 -3517
-9933 5387 1483 1276 -1939 -4304
-8144 5640 1900 1688 -1930 -4740
-6071 4903 1879 1320 -1852 -4898
-5070 4082 1650 1002 -1219 -4781
-3967 3488 1615 871 -1114 -4573
-2818 3239 1586 862 -1201 -4323
-1801 2904 1395 794 -1144 -3971
-1156 2453 1265 709 -988 -3556
-815 2252 1151 678 -882 -3190
-475 2332 972 755 -902 -2748
-254 2218 730 802 -855 -2307
-351 2001 651 854 -742 -1821
-850 2104 685 1149 -720 -1359
-945 1992 845 1509 -1003 -904
-2040 2602 461 1982 -1246 -331
-1709 4733 651 2922 -1288 276
-1075 4381 1266 3552 -599 1033
-1791 3396 2135 3902 565 1486
-2721 4051 2742 5015 1392 1904
-3523 4244 3613 5216 1709 2456
-5327 5225 4548 5104 1690 3035
-6232 5331 5167 4273 1477 3133
-5992 4563 5855 3120 1193 2898
-4972 3375 5605 2092 1273 2396
-4449 2200 4788 1225 1784 1899
-3901 824 4005 540 1743 1448
-3251 -63 3310 198 1351 991
-2751 -467 2901 271 848 628
-2746 -654 2601 525 63 195
-2227 -859 2196 793 -821 -310
-2053 -960 1794 1035 -1457 -755
-1722 -785 1548 1354 -1967 -1189
-1799 -392 1344 1628 -2032 -1489
-2569 -92 994 1753 -1860 -1622
-4261 381 281 1817 -2132 -1645
-6376 1226 -515 1853 -2710 -1654
-10104 3194 -590 1954 -3300 -1634
-11389 6920 62 2372 -4345 -1780
-10614 8617 70 1610 -4714 -2515
-8688 6564 245 -329 -3322 -3570
-6616 4698 27 -884 -1678 -4278
-5621 4049 41 -665 -787 -4526
-4450 3408 111 -442 -534 -4617
-3370 2930 -30 -150 -437 -4587
-2277 2062 -135 115 -122 -4455
-2111 1408 56 516 324 -4197
-1956 1119 246 1022 316 -3897
-1523 1044 335 1445 -190 -3455
-1134 875 192 1639 -597 -2863
-757 690 52 1678 -760 -2254
-644 694 -49 1775 -588 -1444
-405 621 24 1848 -298 -700
-441 778 282 2012 0 155
-407 1258 354 2278 105 999
-371 1637 474 2444 15 1761
-608 2497 595 2727 -320 2764
-1605 3564 804 3039 -790 3597
-2516 4514 1237 3404 -1301 4174
-2053 5750 1668 3852 -1218 4232
-4500 7928 2325 4447 42 4028
-5873 9627 3368 4063 513 3337
-4847 8472 3719 2770 628 2424
-5300 7491 3206 2103 1570 1885
-4321 5809 2969 1388 1507 1458
-3833 4692 2722 876 1504 1308
-3484 3781 2732 621 1504 1265
-2977 3034 2779 320 1090 1192
-2696 2687 2599 210 881 1118
-2560 2099 2430 -38 791 981
-2458 1539 2528 -259 799 764
-2300 1126 2453 -340 759 547
-2195 651 2187 -533 705 263
-2190 172 1957 -720 599 -48
-2340 35 1921 -711 401 -446
-2226 122 1865 -665 164 -888
-2342 144 1739 -784 73 -1282
-2831 310 1585 -857 80 -1590
-4265 808 1569 -826 77 -1713
-5890 2185 1782 -685 -247 -1822
-6952 3495 1755 -587 -438 -2124
-8135 4804 1927 -690 34 -2607
-9462 5807 2002 -924 873 -3320
-8923 6132 1877 -961 678 -3982
-7472 5866 1652 -723 78 -4312
-6438 5347 1488 -457 -249 -4402
-4557 5097 1470 -64 -765 -4321
-2944 4327 1342 183 -1038 -4111
-1860 4034 1104 347 -1176 -3682
-813 3844 451 510 -1340 -3109
463 3027 289 355 -1320 -2346
1915 2969 -53 410 -1003 -1574
2483 3468 -909 486 -349 -794
2192 3547 -1365 277 273 184
2528 3107 -720 437 -141 1391
2058 3664 -379 759 -653 2451
1033 4012 -504 897 -933 3618
418 4183 -332 972 -1342 4844
-1845 5482 701 1730 -1153 5874
-5170 9317 2241 2969 -218 6427
-9647 13500 3731 2713 1069 6027
-10348 11678 4643 1231 2212 4361
-9695 8497 4354 -237 3900 2565
-8216 4939 3299 -1227 4075 1542
-7224 2493 2668 -1733 2883 1214
-5473 1376 2586 -1740 1896 932
