-9091 17815 2012 3852 1023 6964
-10035 15642 4610 1831 2077 4701
-9966 10304 3083 -25 4231 2679
-8021 5847 2192 -1294 3677 1570
-6588 3148 2188 -1711 2108 1428
-4794 2259 2191 -1576 1458 1366
-3775 1133 2004 -1835 1401 1184
-2923 -286 1850 -2247 1370 947
-2266 -1463 1409 -2288 1162 709
-1776 -2625 1274 -2251 953 392
-1461 -3438 1206 -1894 653 35
-1556 -3478 904 -1416 248 -368
-1924 -3107 800 -1024 -121 -791
-2916 -2117 773 -617 -441 -1211
-4469 -830 745 -343 -829 -1561
-7826 1028 1091 -116 -1137 -2030
-9888 4444 2176 452 -1836 -2593
-10656 7848 2851 835 -2948 -2948
-9333 9339 3456 -177 -3007 -3577
-8551 8346 3146 -1299 -1500 -4246
-8008 8302 2746 -1065 -235 -4706
-5818 8008 2263 -596 -478 -4793
-3805 6940 1942 -319 -537 -4633
-2374 5736 1880 65 -714 -4302
-1149 4615 1673 493 -1242 -3860
135 3583 1269 676 -1825 -3321
1328 2852 764 710 -2011 -2703
2192 2439 289 645 -1410 -1915
2321 2118 5 657 -594 -1167
2324 1972 -204 754 -132 -451
1999 1981 -209 822 178 296
1383 2102 -122 858 165 957
1011 2463 235 990 -458 1727
756 3332 288 1192 -979 2577
-289 4622 206 1450 -1101 3625
-692 5994 858 1960 -1102 4647
-4287 8074 2612 2766 -821 5357
-5372 11652 5297 3235 -678 5092
-6658 10793 4584 2476 449 3756
-6792 8837 4954 1794 1762 2489
-4338 6401 4839 767 1943 1661
-4891 4584 4735 315 2745 1654
-4508 3378 4276 -50 2676 1757
-4250 2255 3981 -700 2374 1548
-3892 1216 3780 -1016 2467 1111
-3859 70 3454 -1540 2593 485
-3553 -1062 2502 -2031 2322 -132
-3066 -2249 1912 -2224 1826 -712
-3141 -2631 1807 -1931 1535 -1342
-3452 -1821 1735 -1313 1243 -2188
-3458 -926 1501 -965 601 -3255
-3946 -230 1439 -907 -11 -4222
-4300 481 1492 -719 -361 -5213
-5222 808 1750 -500 3 -5820
-6992 1486 2333 -68 331 -6065
-7015 2918 2341 681 -92 -6090
-6818 2483 2093 559 184 -5846
-7512 1286 1856 565 710 -5414
-7242 1885 2155 1148 71 -4895
-5346 2111 1960 1158 -745 -4167
-2994 1763 1697 724 -417 -3363
-2146 1253 1271 715 787 -2717
-2441 567 1239 702 1481 -2110
700 849 1831 848 750 -1274
-605 1631 923 1291 -646 -245
-1069 -539 995 561 -659 -200
-1840 -726 1132 458 479 -43
-2490 -396 1196 1202 3 -32
-2025 -750 1215 691 -648 -498
-1961 -573 1224 872 -396 -838
-2312 -673 1452 953 -1168 -1077
-2836 -453 2378 1025 -1385 -1304
-3424 -965 2736 942 -1326 -1240
-3062 -478 3525 909 -1494 -938
-2556 -329 3803 896 -676 -732
-4067 -1513 3863 578 743 -518
-4240 -1629 3877 795 202 -410
-3281 -1319 4181 886 39 -245
-3452 -1530 4215 816 789 -68
-3146 -1529 3747 624 900 10
-3028 -1323 3258 606 917 44
-2337 -1089 3004 702 609 24
-1967 -854 2871 792 650 -50
-1831 -636 2662 837 708 -188
-1513 -740 2329 726 663 -340
-1539 -626 2041 726 780 -510
-1797 -737 1936 723 900 -694
-1945 -789 1834 769 799 -935
-1942 -794 1952 914 613 -1171
-2235 -1255 2193 936 766 -1347
-2829 -1332 2329 999 1142 -1461
-3210 -1289 2574 1111 1149 -1447
-3445 -1524 2693 1151 1146 -1336
-4157 -2144 2714 1163 1394 -1106
-4217 -1480 2603 1317 1305 -912
-3649 -1239 2300 1237 1020 -846
-3697 -1840 1864 1023 955 -854
-3165 -1546 1625 1123 726 -896
-2824 -1395 1556 1135 538 -856
-2754 -1315 1875 1110 458 -808
-2930 -1535 1922 970 591 -790
-3054 -1726 1528 892 609 -759
-2642 -1836 1541 848 699 -761
-3066 -2006 1433 912 884 -805
-3135 -2067 1544 992 666 -901
-2823 -2025 1651 1067 546 -945
-2607 -1921 1580 1144 622 -936
-2744 -1906 1595 1210 765 -872
-2844 -1886 1647 1325 825 -840
-2851 -1860 1815 1411 775 -815
-2822 -1795 1893 1461 770 -808
-2859 -1823 1969 1449 775 -800
-2896 -1886 1994 1413 751 -790
-3023 -1819 2024 1346 664 -785
-2899 -1854 2029 1256 519 -785
-2697 -1877 1983 1142 460 -798
-2743 -1833 2041 1092 495 -812
-2416 -1737 2195 1019 535 -796
-2305 -1706 1899 960 624 -752
-2324 -1789 1935 960 586 -679
-2397 -1844 2033 1058 441 -534
-2868 -1873 2273 1135 178 -377
-3099 -1179 3031 1157 71 -226
-2591 -759 2930 934 86 -147
-2432 -841 2439 707 586 -117
-2013 -915 2043 756 1078 -153
-2103 -1229 2021 812 1735 -133
-2338 -1126 2475 1029 1943 56
