-3387 -1850 449 1256 971 -57
-3383 -1779 153 1231 1143 -20
-3268 -1723 46 1270 1211 -32
-3159 -1607 194 1356 1185 -35
-3141 -1477 369 1392 1155 -30
-3132 -1444 472 1387 1182 -36
-3077 -1373 540 1352 1232 -50
-3065 -1506 472 1289 1226 -37
-3087 -1544 428 1238 1221 -20
-3039 -1602 416 1171 1229 -15
-2930 -1606 376 1079 1149 7
-2997 -1718 289 941 1098 55
-3006 -1695 240 824 1079 79
-2875 -1652 281 714 1031 107
-3049 -1686 272 603 1017 135
-3015 -1661 320 511 894 122
-3003 -1668 333 414 758 97
-2979 -1639 336 326 729 20
-2914 -1596 322 270 720 -79
-2946 -1698 231 191 664 -192
-3170 -1926 127 152 580 -297
-3591 -2336 -7 152 507 -375
-3647 -2093 -128 116 594 -391
-3031 -1967 -407 60 648 -436
-2759 -2591 -735 61 679 -467
-2957 -2950 -781 208 550 -366
-3187 -2774 -729 382 379 -208
-3094 -2389 -536 408 420 -29
-3380 -2307 -602 288 645 140
-3329 -2233 -748 244 821 287
-3245 -2165 -670 316 839 364
-2721 -2023 -307 453 499 430
-2321 -1908 -181 454 346 472
-2246 -1816 -156 391 458 486
-2356 -1766 -250 354 461 477
-2161 -1652 -164 373 256 425
-2098 -1597 9 395 175 371
-2164 -1572 70 404 181 313
-2334 -1648 32 397 77 280
-2509 -1694 27 457 -176 267
-2908 -1865 -144 490 -340 273
-3360 -2135 -237 503 -466 302
-4150 -2568 -335 335 -631 512
-4171 -1218 -129 302 -598 695
-3848 -1261 -303 137 -181 596
-4360 -1809 -676 -12 154 459
-4162 -1860 -336 238 -498 379
-4411 -1562 53 382 -1018 412
-4610 -1158 512 337 -1478 488
-4723 -1389 870 50 -1943 558
-3170 -1025 1016 -106 -2719 593
-2898 -635 1095 -251 -2530 832
-3397 -251 1099 -300 -2088 1092
-2787 464 1072 -153 -2094 1322
-2055 719 1406 -44 -2306 1675
-1821 744 1639 23 -2589 2105
-1331 569 1634 109 -2972 2531
-919 270 1735 264 -3072 2868
-997 85 2058 504 -2818 3169
-1344 -148 2243 674 -2143 3340
-1464 -575 2131 730 -1127 3373
-1066 -969 1636 841 -5 3383
-810 -1375 978 931 1463 3435
-1411 -1898 386 900 2943 3509
-3821 -1887 620 1019 3152 3461
-7289 -915 796 1300 1924 3063
-7449 -718 349 1485 -574 2296
-8206 627 1958 2116 -2091 1123
-8685 2532 3670 2594 -1601 -307
-10876 2205 3789 1686 -484 -1462
-10164 2479 3304 1286 -1366 -2391
-7767 3017 2925 1086 -2413 -3041
-6068 3180 2866 656 -2173 -3188
-4270 3278 2657 323 -1824 -3128
-2939 3007 2259 100 -1154 -2886
-2051 2530 1859 -93 -436 -2543
-1336 2228 1497 -83 -8 -2194
-684 2173 1211 27 328 -1816
-137 2135 675 58 413 -1332
90 1796 263 -17 288 -783
253 1643 76 93 -392 -103
1029 2258 -17 404 -1137 573
1335 2787 -15 592 -1286 1229
1073 3224 214 755 -1203 1982
552 3966 232 1032 -1153 3045
215 5292 513 1533 -712 4264
-1509 6421 1432 2269 -40 5498
-5464 9480 3366 3086 -214 6083
-4060 10687 2392 2783 -1336 5701
-5626 11333 3431 2410 -461 4805
-6084 10728 4652 1954 1020 3748
-4674 6843 4706 -60 2730 2556
-4908 5087 3544 -186 3960 2248
-5124 2986 2772 -776 3880 2224
-4648 1775 2221 -1244 3115 2190
-4145 1277 2025 -1118 2408 2038
-3501 623 2055 -1315 1606 1696
-2748 -176 2011 -1629 1185 1308
-2250 -735 1624 -1663 1254 947
-2121 -1135 1378 -1578 1476 528
-2162 -1447 1012 -1445 1559 23
-2258 -1477 936 -1148 1470 -482
-2684 -1106 860 -661 1216 -1037
-3537 -627 793 -237 862 -1479
-5913 146 1086 310 359 -1835
-8494 3137 1869 1327 -858 -2287
-8635 6482 2058 1789 -2842 -2669
-8182 7818 2562 862 -3369 -3267
-7939 8264 3300 -130 -2440 -3876
-5945 7634 2792 -584 -1765 -4270
-5112 6595 2590 -995 -516 -4425
-4672 6117 2246 -875 157 -4399
-3610 5227 1861 -603 -47 -4210
-2435 4396 1672 -353 -242 -3987
-1392 3969 1445 -6 -383 -3685
-606 3462 1071 176 -543 -3349
-152 2868 854 249 -511 -2994
108 2569 770 387 -460 -2648
435 2401 605 565 -551 -2254
604 2164 500 542 -610 -1741
603 1852 522 490 -716 -1185
503 1641 654 551 -870 -416
165 1898 927 691 -936 480
-595 2551 1078 867 -997 1515
-1778 2941 1571 1083 -1213 2721
-2676 3121 2375 1295 -1158 3483
-3741 4190 3119 1773 -290 3766
-4701 5433 3710 1882 327 3554
