-5118 3719 2656 85 -825 -2216
-4849 3822 2499 38 -1072 -2289
-4309 3771 2434 -54 -1160 -2331
-3355 3527 2387 -137 -1256 -2380
-2355 3024 2188 -252 -996 -2422
-1983 2520 2058 -282 -443 -2452
-1847 2257 1844 -202 224 -2442
-1893 1885 1656 -77 390 -2329
-1839 1729 1562 91 81 -2132
-1791 1588 1473 186 -385 -1811
-1493 1398 1424 255 -834 -1429
-1458 1209 1532 335 -978 -1070
-1413 1089 1454 469 -869 -634
-1447 958 1469 634 -793 -112
-1761 926 1577 852 -669 450
-1915 1452 1766 1177 -540 1248
-1417 1641 1688 1494 -548 1895
-1724 1521 1856 1678 -460 2211
-2315 1678 2167 2023 -830 2262
-2448 2190 2500 2354 -1655 2230
-1934 2858 2845 2720 -2670 2288
-1052 3774 3410 3155 -3101 2476
-793 4673 3570 3328 -2279 2654
-845 4724 3636 3211 -1164 2819
-1036 4901 3430 3088 -578 2935
-1312 5179 3283 2854 -682 2969
-1084 5199 3152 2405 -1083 2838
-1081 5098 3049 2077 -1215 2557
-945 4662 2834 1832 -1261 2183
-931 4332 2687 1594 -1330 1661
-919 4163 2935 1475 -1521 1165
-890 4098 2921 1347 -1761 778
-846 3906 2719 1095 -1703 376
-1117 3784 2558 941 -1409 84
-1173 3855 2353 793 -1111 -231
-1431 3928 2060 642 -656 -557
-2581 4517 1762 613 -392 -757
-3088 5179 1355 613 -800 -931
-2888 5350 1261 530 -1477 -1118
-2606 4671 1134 310 -1787 -1347
-2547 4373 842 99 -1957 -1689
-2609 4357 644 88 -2169 -1916
-2799 4159 629 -16 -2298 -2047
-3210 4178 24 -41 -2159 -2112
-3249 4341 -161 20 -2002 -2196
-3183 4306 -91 100 -2009 -2312
-3226 4097 -39 85 -2018 -2486
-3442 4077 -91 204 -1867 -2604
-3215 3951 -15 330 -1810 -2724
-3272 3657 56 372 -1750 -2785
-3418 3572 358 505 -1711 -2846
-3228 3558 450 645 -1628 -2887
-3214 3343 467 655 -1470 -2890
-2991 3165 509 659 -1442 -2876
-2979 3070 701 684 -1331 -2824
-2684 2938 762 716 -1216 -2748
-2211 2627 766 710 -1139 -2593
-1888 2244 863 723 -1044 -2375
-1661 2229 925 869 -921 -2009
-1428 2335 958 989 -806 -1558
-1268 2264 884 1054 -783 -1119
-938 2287 935 1224 -981 -604
-723 2589 997 1410 -1083 -27
-657 2831 1156 1563 -1072 587
-713 3436 1340 1883 -1152 1194
-1031 4316 1688 2307 -1320 1885
-1627 5396 2112 2491 -1440 2400
-2571 6301 2438 2432 -1148 2641
-4186 7761 2097 2142 -58 2345
-5025 7589 1869 1474 -153 1808
-3857 6765 3022 909 -806 1100
-3777 5564 3342 289 290 232
-3768 3635 2687 -355 1145 -200
-3682 2827 2136 -297 1246 -321
-3478 1877 1951 -424 939 -419
-2987 1097 1903 -502 365 -553
-2470 822 2010 -329 -19 -663
-2185 424 1996 -286 -80 -713
-2144 210 1863 -345 72 -753
-2179 315 2303 -293 206 -757
-2140 481 2217 -417 302 -828
-2229 272 1340 -770 645 -1015
-2746 109 811 -856 1076 -1233
-3108 262 844 -539 844 -1471
-3132 530 1087 -260 252 -1692
-4320 955 1199 -33 191 -1850
-5745 1849 941 405 -196 -1962
-6813 2873 981 807 -1079 -2058
-7990 3652 1823 1071 -1749 -2245
-7735 5029 2504 1285 -2409 -2608
-6359 5177 2676 1131 -2556 -2813
-5303 4257 2547 677 -1664 -2926
-4367 3797 2327 574 -993 -2812
-3261 3405 1779 506 -918 -2525
-2296 2728 1194 382 -631 -2124
-1552 2223 932 436 -335 -1737
-994 1856 798 576 -155 -1411
-633 1632 639 708 -77 -1055
-471 1425 406 857 -243 -691
-200 1298 313 1013 -610 -273
-117 1475 235 1186 -790 145
-116 1508 275 1284 -910 544
-266 1765 418 1396 -1087 996
-389 2390 656 1700 -1398 1563
-872 3481 659 1921 -1820 2256
-1777 4800 1446 2010 -1827 3094
-4412 7038 2517 2090 -317 3440
-8259 8141 3830 1886 591 2981
-6920 7953 5327 1120 170 1585
-5345 5489 4878 62 567 652
-4609 4162 3749 -407 978 360
-4125 3127 2870 -619 1108 433
-3094 2087 2565 -643 1020 545
-2197 1209 2752 -610 1067 641
-1714 716 2781 -525 1196 746
-1569 184 2407 -681 1189 799
-1318 -154 2021 -774 817 789
-786 -419 1864 -734 327 800
-511 -753 1749 -809 -54 797
-380 -952 1699 -870 -149 715
-573 -996 1711 -771 -7 551
-1117 -871 1790 -592 283 247
-2553 -654 1778 -431 414 -108
-4286 -518 1706 -233 106 -489
-6688 477 2776 113 -563 -692
-8894 3087 3581 712 -1208 -1049
-8689 4414 3670 728 -1296 -1822
-9742 4512 3680 158 -565 -2590
