-2309 -19 1572 -327 227 456
-3045 131 1610 -257 138 34
-3823 636 1810 -35 70 -458
-4909 1101 2137 130 -73 -817
-6313 2322 2376 367 -351 -931
-6845 4351 2524 698 -690 -1201
-6881 5204 2515 360 -642 -1699
-7500 4581 2422 -114 -482 -2214
-6634 4504 2324 -40 -1104 -2727
-5997 4738 2282 31 -1259 -2937
-5428 4476 1946 -98 -1065 -2907
-4339 3865 1624 -183 -1060 -2862
-3414 3251 1641 -199 -841 -2777
-2849 2909 1711 -186 -746 -2667
-1689 2523 1332 -185 -908 -2536
-1095 2025 1161 -234 -729 -2374
-726 1730 1037 -221 -362 -2196
-412 1399 929 -170 -252 -1952
-244 1106 809 -118 -283 -1698
-128 941 732 -35 -397 -1334
-123 813 749 7 -547 -838
-420 1037 791 219 -686 -226
-572 1305 850 431 -848 535
-587 1551 995 598 -941 1252
-1034 1881 1245 968 -989 2109
-858 2568 1716 1155 -294 3082
-1409 4294 1776 1371 1971 3802
-5032 4317 1851 1240 3078 4260
-5568 4151 1932 1073 384 4091
-4328 4604 2219 1494 -2334 3917
-3464 5013 3280 1745 -2764 3518
-2684 5732 3152 2163 -1798 3314
-2344 5262 2638 1992 -33 3293
-3068 4470 2308 1617 1224 3196
-2912 4116 2654 1471 1422 3180
-2450 3987 2674 1233 1654 3131
-2699 3785 2401 1119 2090 3156
-3121 3663 2022 973 1924 3112
-4221 3595 2415 864 956 2792
-3072 3018 1943 745 -548 2350
-2361 2959 1701 672 -1722 1865
-2108 3328 1529 888 -1396 1251
-2165 3041 1351 643 -1125 724
-2544 3280 1211 611 -1028 234
-2610 3293 934 528 -1421 -122
-2355 4079 611 502 -2045 -374
-2287 5447 157 623 -2336 -494
-2212 6617 -350 571 -2487 -562
-2183 7380 -1016 430 -2553 -601
-2138 7089 -1881 235 -2827 -713
-1913 6471 -1589 262 -3501 -946
-2366 5662 -2779 282 -4232 -1180
-1978 5354 -2451 478 -5363 -1641
-1900 5458 -1782 1039 -5064 -2274
-3144 4798 -1723 838 -3994 -2804
-3830 4466 -1882 940 -3691 -3396
-4090 4205 -2600 1172 -3322 -4016
-4299 3873 -2229 1299 -3281 -4426
-4149 3906 -1634 1586 -3584 -4756
-3860 3821 -1064 1482 -3267 -5030
-3899 3551 -653 1476 -2710 -5108
-3303 3398 -334 1524 -2362 -5098
-2610 3154 -121 1506 -2218 -4869
-1943 2678 196 1372 -2113 -4516
-1176 2391 253 1285 -1957 -3951
-783 2024 320 1278 -1698 -3323
-562 1847 440 1384 -1356 -2577
-325 1770 574 1602 -1087 -1794
50 1698 633 1738 -781 -1064
-118 1498 587 1877 -279 -198
-373 1400 580 2067 -151 679
-954 1800 882 2379 -383 1461
-2486 2605 1466 2721 -880 2256
-3624 3926 2300 2950 -1457 2680
-5520 5393 1192 2853 -1433 2599
-6694 6808 2376 2565 -2413 2113
-4672 6682 4945 1872 -2832 1163
-5801 4702 3798 410 662 258
-5898 3288 2877 104 1556 155
-4728 2583 3004 -39 711 13
-3604 2146 2961 -50 43 -165
-2331 1656 2653 -102 -288 -314
-1905 1161 2198 -106 159 -405
-1686 618 1873 -168 505 -497
-1463 -88 1630 -163 491 -543
-1263 -350 1410 -63 426 -548
-1164 -353 1237 113 326 -507
-986 -282 968 178 203 -395
-1776 51 1199 239 335 -240
-3213 659 1573 385 309 -183
-4350 944 1676 314 -545 -551
-3797 1046 2322 141 -1514 -1169
-3444 946 2334 84 -1159 -1810
-4408 739 2065 -3 -181 -2177
-6075 1162 2461 407 202 -2218
-8015 1794 3039 778 -354 -2169
-8307 2724 2710 951 -1220 -2142
-8005 3485 2575 1062 -1838 -2095
-6624 3835 2779 1025 -1839 -2195
-4712 3449 2286 841 -1118 -2186
-3190 2670 1600 692 86 -2002
-2836 2076 1094 757 947 -1718
-2465 1850 717 1015 1176 -1331
-1919 1792 626 1257 743 -877
-1368 1547 517 1358 154 -472
-654 1259 249 1367 -512 -120
12 1268 51 1475 -886 242
366 1451 -102 1572 -898 558
355 1449 -86 1564 -811 873
307 1704 -31 1617 -817 1128
164 2227 232 1724 -814 1463
-1453 3519 551 1829 -487 1960
-4043 5881 1342 1836 -259 2565
-7109 7721 1861 1219 -1021 2997
-6864 8319 4189 494 -2107 2914
-5683 7598 4727 -107 -1335 2180
-5551 5659 4128 -969 792 1508
-5547 4446 3444 -1038 1864 1288
-4934 2923 3366 -1122 1734 1334
-3936 1631 3171 -1215 1095 1363
-3028 707 2868 -1158 625 1396
-2101 -56 2502 -1176 250 1379
-1365 -687 2166 -1161 200 1321
-615 -1036 1827 -1115 262 1179
290 -1589 1498 -1188 602 986
485 -2082 1080 -1286 1495 720
45 -2234 871 -1144 2280 413
-816 -1940 783 -862 2505 5
