-931 4296 330 240 -497 -4493
793 3033 179 694 351 -3605
1369 2433 -92 1066 950 -2856
1829 3035 -193 1499 839 -2229
3166 3429 -757 1750 173 -1489
4306 3155 -1277 1078 -251 -819
4234 2209 -1568 40 -448 -43
3326 1744 -1263 -234 -496 1036
2783 2213 -836 88 -120 2026
2291 2448 -467 376 234 2904
1123 2396 -286 252 109 3834
-2126 3630 -2166 492 -616 5424
-9725 6831 2555 2938 -3877 7432
-15100 27044 8434 9315 -3471 6201
-20438 13492 9215 2882 886 2733
-7471 9190 5132 228 -1929 9
-3109 3795 4941 -1224 -902 -603
-1481 742 3259 -2922 1270 -276
-828 -371 2303 -2365 2404 306
-704 -1087 1801 -2579 2507 693
79 -1724 773 -2685 1556 773
1096 -2299 -131 -2637 713 792
1359 -2682 -566 -2293 603 745
1140 -3134 -644 -1767 595 535
970 -3477 -426 -1282 427 136
527 -3482 -376 -860 247 -240
-8 -2920 -97 -354 -143 -604
-631 -2020 27 196 -540 -870
-2142 -1504 -660 431 -560 -1065
-6392 -2231 -943 298 -329 -964
-18622 638 4512 1161 -389 -133
-21086 18070 7425 6403 -4619 -144
-15622 18375 5632 1343 -5710 -2102
-10916 9902 6222 -4402 -2143 -3829
-5036 8846 2160 -1921 254 -4946
-1752 5691 940 -2619 2306 -5049
-226 3536 666 -1888 3234 -4730
-181 2712 585 -331 2468 -4028
-82 2247 348 215 429 -3543
1276 1903 -500 398 -1684 -3324
2315 1261 -849 665 -1661 -3047
2365 458 -778 786 -599 -2810
1953 -130 -596 1202 428 -2555
1939 -873 85 1851 863 -2201
1398 -1455 552 2229 1077 -1622
548 -1522 1385 2874 803 -382
-565 -1099 2195 3801 -79 1443
-2051 844 3060 4566 -928 3194
-6382 4027 4119 5303 -1621 4607
-8774 7079 7440 5697 -3305 4618
-7085 5098 9780 4654 -3320 2575
-8603 1594 5665 3512 1161 523
-7941 98 3452 3172 2557 -133
-3659 -1660 1522 2605 503 -1018
-1089 -2225 -394 2483 -191 -1762
173 -2534 -1575 2365 197 -2167
530 -2669 -1630 2609 336 -2471
749 -2131 -1677 2930 394 -2509
-191 -1794 -1358 3071 695 -2410
-2688 -1232 -1104 3370 538 -2261
-5701 -414 -268 3837 -444 -2338
-11268 694 1781 3905 -1008 -2612
-17666 2679 3785 3876 -1609 -3643
-16529 3969 3263 3002 -3183 -5523
-12269 2105 2594 719 -2479 -6459
-8745 2524 1987 -151 102 -6484
-3521 2378 -115 229 1952 -5894
-863 1021 -1285 264 2647 -4575
-34 304 -1757 720 2528 -3134
1464 1309 -1437 1796 2583 -1529
2626 2595 -1350 2510 2783 -1
2952 3030 -1188 2505 2369 1366
3075 3030 -715 2222 1188 2580
2911 2763 -433 2042 551 3443
1926 2801 -126 1944 547 4185
840 3157 506 2095 269 4851
218 3430 1029 2356 -821 5219
120 4101 1203 2439 -2058 5500
-1581 8206 2441 3001 -2918 6364
-1948 12761 2604 3987 -1094 7152
-11104 14644 2915 3947 1818 7478
-15180 16958 1970 3126 3606 5811
-13698 12592 6225 1925 1851 3772
-8156 7081 5627 1004 208 1964
-7457 3821 1953 -1202 1995 640
-4644 300 -63 -2750 2424 -173
-2729 -2649 -865 -2815 2245 -923
-1796 -4124 -454 -1770 1081 -1413
-785 -4868 -9 -1253 -449 -1843
-159 -4167 206 -623 -1765 -2217
605 -3217 380 -247 -2337 -2398
-432 -2880 292 -407 -2112 -2566
-1332 -2415 84 -523 -2674 -2627
-2100 -1483 780 -212 -3049 -2710
-6399 122 1456 200 -1825 -3314
-9295 2867 1682 419 -158 -5043
-12878 3371 1895 -61 778 -6770
-18577 1602 2813 -126 2137 -7477
-17728 3178 3046 570 155 -7759
-14942 5193 2566 651 -1523 -8019
-9180 5431 2731 -38 -2919 -7468
-3662 4348 1240 -619 -3884 -6102
-799 1737 -361 -712 -2728 -4760
2487 425 288 -297 -114 -3537
4955 651 -328 940 1685 -1792
5505 2620 -335 2217 2879 490
7615 4815 -1269 2981 3485 2746
8824 6270 -1670 2548 5342 4388
6775 7210 -1868 1452 7708 5979
3167 7781 -2336 4 7953 7216
227 7330 -2569 -2245 5161 7994
-1846 6091 -2022 -3322 1687 8187
-2745 6110 -981 -2937 -1816 8406
-4979 8176 -697 -1811 -4527 8773
-9132 18036 -1900 760 -3387 7780
-13760 18576 -1360 389 122 6698
-15748 15942 1117 -1333 4253 3026
-12699 9391 -428 -1916 1362 -372
-10735 5549 -886 -2012 -1689 -1392
-4176 2165 781 -2568 -1805 -1500
-793 -1039 864 -2614 -826 -1206
631 -4733 581 -3253 -619 -1049
1188 -5285 457 -3225 488 -1043
789 -3800 496 -1755 1210 -791
361 -2812 382 -1607 937 -773
-351 -2668 676 -1833 580 -930
-1025 -1816 902 -1301 578 -1234
-2162 -1013 984 -867 554 -1551
