400 -3056 943 -2021 -877 -287
919 -2918 441 -1862 -679 -512
737 -3356 -364 -2214 179 -636
-87 -3608 -478 -2380 752 -784
-381 -2742 -24 -1893 377 -880
-1153 -1912 674 -1735 19 -822
-3455 -1512 1270 -1817 188 -651
-9683 -289 3063 -1394 460 -495
-16847 7359 7367 617 -446 -1671
-14345 17672 10706 1603 -2051 -2858
-12790 11280 8706 -2025 214 -4251
-8354 9309 5747 -2315 265 -5208
-4327 6776 3425 -1920 -312 -5543
-1126 4639 2335 -1233 330 -5375
1225 3157 1634 -254 455 -4771
2532 2588 903 628 646 -3999
3400 2809 -75 1049 558 -3266
4226 2768 -1029 1230 331 -2362
4241 2367 -1508 1350 316 -1502
4284 1948 -1660 1282 -348 -344
3872 1767 -1315 1378 -1036 996
3001 1592 -1209 1329 -1151 2169
2168 1192 -1087 1307 -1135 3156
1711 1127 -574 1608 -946 3781
1199 1905 78 2171 -715 4319
1113 3813 11 2904 -574 5273
-2688 8349 1867 4424 177 6389
-12510 20035 3985 6728 2358 6819
-10791 17764 4535 4727 2556 5464
-13444 19835 8414 3086 2199 3059
-6782 9621 4491 70 1747 348
-4561 5038 2189 -850 907 -669
-3304 1819 1441 -1247 1482 -789
-1664 -508 1319 -1340 1548 -927
-371 -2053 1123 -1103 794 -1062
774 -2856 691 -1266 -423 -1261
1467 -2956 618 -1395 -747 -1418
1081 -2574 322 -1482 -251 -1416
797 -2518 127 -1870 -225 -1455
815 -2240 355 -1873 -513 -1422
106 -1369 931 -1495 -423 -1334
-1022 -594 1688 -1324 -282 -1342
-2550 -427 1880 -1375 -35 -1440
-8630 -491 5234 -1385 513 -1519
-14842 4750 8644 -194 -158 -1967
-14043 9592 8905 415 260 -2799
-15592 8722 6538 -1387 2933 -3673
-10521 7182 4573 -1800 960 -4065
-5467 5671 3178 -1922 -1495 -3827
-2370 4144 1634 -1989 -1357 -3444
-228 2853 511 -1519 -604 -2820
503 2131 -42 -856 138 -2166
995 2155 -387 -52 -215 -1651
3331 2931 -1192 590 -1037 -1469
3972 2723 -1953 741 -650 -1025
3033 2018 -1939 944 -623 -578
3004 1752 -1140 1485 -1396 449
2616 2201 -923 1895 -982 1446
1573 2194 -866 2010 -107 2349
1138 2063 -586 2280 -310 2924
790 2674 -96 2875 -716 3577
300 4724 1197 4052 -896 4652
-2250 8310 2267 5421 -622 5912
-12297 16130 5516 6878 863 6475
-8582 17019 5274 6220 -129 5326
-10095 18809 8500 4289 206 3599
-8201 9681 6133 912 2166 1400
-5592 5661 2293 -733 2878 104
-4542 2230 1742 -1549 2893 -37
-2716 41 1304 -1703 2035 -326
-1174 -1256 970 -1159 1338 -472
-241 -2381 950 -972 696 -809
474 -2680 1180 -905 -161 -1233
643 -2208 1274 -598 -482 -1310
629 -2156 1255 -726 -799 -1286
822 -2023 1102 -1107 -1221 -1242
481 -1470 959 -1358 -1175 -1125
-515 -879 1001 -1513 -749 -1158
-2077 -898 1720 -1612 -655 -1250
-5708 -535 3345 -1701 -28 -1306
-13958 1465 6777 -1456 1058 -1346
-13479 8901 8349 -118 -623 -2204
-12323 10091 8018 -1374 -111 -3615
-9379 8551 7236 -2770 -5 -3784
-4195 6843 4240 -3222 -1141 -3760
-2993 4914 2071 -3176 781 -3419
-1985 3462 1197 -2228 1472 -3112
31 2844 581 -1214 832 -2710
1435 2771 311 -245 128 -2180
2080 3442 -285 410 -9 -1964
3084 2982 -1260 500 -457 -1760
3683 1886 -1597 431 -1105 -1305
3398 1412 -1376 696 -1357 -513
3168 1448 -1093 962 -1196 467
2362 1622 -964 985 -461 1473
1584 1581 -662 1147 -158 2270
868 1636 -387 1386 -255 3223
-748 3129 633 2043 41 4757
-9759 8152 2986 3729 840 6460
-14028 16297 6443 5299 570 6238
-12367 16385 8675 3642 2065 3382
-14308 10133 8168 435 4099 1644
-6786 4470 3380 -798 1072 303
-5577 1828 2339 -1037 968 384
-3379 740 1793 -1048 830 182
-1006 9 1367 -794 -17 106
417 -1054 1134 -974 -267 66
935 -1731 990 -1179 -71 -214
980 -1676 815 -1139 103 -473
1020 -1721 609 -1083 -25 -698
1229 -1912 460 -1256 -461 -882
1302 -1971 606 -1389 -755 -903
940 -1653 780 -1388 -726 -796
200 -1479 870 -1409 -561 -661
-1456 -2199 1566 -1432 -507 -435
-5518 -2132 3678 -931 383 213
-14893 165 5272 -512 1739 408
-15061 6670 8327 856 -441 -511
-13623 9183 7869 187 -182 -1712
-10649 7090 7057 -1578 -119 -2231
-5608 5799 4499 -1941 -1442 -2410
-2557 3569 2265 -2346 -792 -2358
-1326 2277 1059 -1699 548 -2471
-422 1457 309 -846 1196 -2534
197 1475 265 199 740 -2639
616 2120 539 1006 59 -2766
981 2290 265 1094 -613 -2930
1129 1891 -152 829 -1092 -2932
