-1273 -1 1153 -22 -867 1695
-985 270 962 173 -977 2250
-842 785 891 557 -1088 2850
-725 1409 968 943 -1198 3501
-579 2061 1061 1423 -1137 4205
-562 3291 1109 1884 -798 4873
-778 4826 988 2446 -204 5694
-1529 6624 1067 2878 390 6456
-2211 7842 1181 3022 868 6853
-4246 8687 1766 2853 1451 6732
-4489 8276 2481 2290 1259 5899
-3395 7371 2190 1587 611 4436
-3477 7691 1546 1349 -281 2811
-2252 6804 2252 385 -908 1346
-2600 6178 2353 -182 650 299
-3741 5233 2359 -337 1853 29
-4008 4141 2398 -411 2077 35
-3583 2700 2034 -562 2052 -22
-3311 1564 1833 -612 1650 -165
-2820 872 1600 -439 461 -390
-2769 1029 1417 -180 -535 -725
-3153 932 1566 -321 -934 -1163
-2863 1176 1412 -495 -1071 -1732
-2970 1458 1573 -616 -931 -2379
-3663 1871 1690 -786 -249 -2969
-4004 1802 1625 -930 270 -3312
-4110 1776 1624 -735 337 -3426
-5177 2665 2103 -197 581 -3373
-6349 3217 1934 175 600 -3306
-7831 4022 1658 424 1002 -3515
-8958 4023 1901 813 1050 -4087
-8982 3981 2495 832 105 -5315
-8818 4669 2063 741 -235 -6481
-7670 4282 1765 604 -859 -7088
-5763 4135 2039 670 -1633 -6782
-3215 4611 2124 585 -2276 -5626
-1575 4102 1265 6 -2464 -3829
397 2739 274 -472 -2094 -1910
1949 1492 -382 -373 -871 -225
1806 1866 125 427 839 1541
1837 2718 718 1082 1097 2843
2344 2863 894 768 768 3557
1814 2710 396 411 800 4153
1263 2321 -10 167 391 4560
1208 1993 7 149 -463 4909
901 2232 293 707 -732 5222
136 2857 635 1158 -799 5340
-561 3602 1141 1414 -1382 5456
-4061 7392 1187 1845 -2792 6021
-4783 15370 2829 3313 -3960 6147
-8820 16774 3859 3398 -3898 5225
-7320 14538 5882 2040 -2710 3999
-7358 10239 5797 499 880 1792
-5959 7857 4108 -14 2808 854
-5456 4767 3011 -1168 3313 374
-3989 1390 1751 -2177 2885 71
-2049 -2874 1529 -2596 2771 -206
-1389 -5775 2129 -2626 2833 -566
-1591 -5767 2182 -1708 2339 -852
-1775 -4572 1430 -1158 1577 -1100
-2172 -3884 649 -1352 1222 -1648
-3375 -3141 795 -1122 772 -2236
-5340 -1216 1659 -445 132 -2896
-6779 2161 2598 5 -700 -4055
-7654 4623 2674 -530 -1525 -5227
-9920 4942 3465 -1540 -1729 -5748
-10981 6110 3933 -1154 -1005 -5519
-11098 6885 4819 -581 -445 -4786
-8694 6475 4403 -575 -488 -4099
-5512 5298 2944 -372 -353 -3501
-2237 3570 739 -38 167 -2803
570 1832 -6 655 1174 -1781
1042 1263 -242 1385 2196 -757
2194 1970 227 2190 1473 69
4125 2992 102 2681 72 1035
4123 2615 -474 2088 -156 1770
3586 2147 -908 1427 -281 2570
3237 2573 -875 1545 -279 3584
1904 3297 -463 1565 151 4321
925 3718 -148 1475 166 4700
684 4280 41 1538 -206 4775
-127 5842 -9 1722 -432 5072
-3200 9312 586 2650 -615 5655
-7224 16412 2997 3976 -1266 5971
-5556 17308 1587 3519 -1403 5344
-7710 15225 2763 1266 2379 3140
-8396 11130 1956 -699 3890 257
-6481 6551 1747 -2023 2536 -1052
-4114 3666 1775 -2200 1645 -1422
-2404 1185 1565 -2572 2238 -1507
-1740 -1516 1479 -2911 2275 -1537
-1055 -3438 1290 -2775 1446 -1729
315 -3790 929 -2308 506 -1767
534 -3260 484 -1659 535 -1740
53 -3476 9 -1625 1073 -1912
-574 -3564 164 -1388 1052 -2073
-1338 -2542 457 -632 411 -2210
-2059 -1247 712 -342 -255 -2443
-4330 -63 172 -168 -455 -2890
-8375 1336 860 -35 -751 -3256
-12501 3436 1773 463 -1623 -3181
-12860 7262 3045 1181 -1703 -3140
-14568 8698 3254 641 339 -3509
-13242 7975 3459 -127 426 -4057
-8324 7513 2939 396 -891 -4223
-4615 4961 1514 140 -819 -3990
-1653 3282 874 667 -948 -3547
375 2233 214 1361 -1092 -2820
1252 1852 205 1965 -708 -1983
2289 2780 186 2522 -807 -1325
3408 3250 -164 2406 -633 -818
2772 2426 -1377 1540 61 -414
1693 1244 -1656 1244 -724 46
1891 2182 -1226 1644 -2049 758
1870 2843 -709 1868 -1980 1375
1941 2481 -70 1601 -954 1749
999 2156 245 1785 -233 2333
-1308 3154 1082 2358 -335 3415
-1901 4823 3214 3383 -1258 4504
-5095 9871 4926 4678 -100 5302
-11678 15192 4019 4902 597 5198
-13033 18147 6757 3578 -1509 3949
-7291 10779 6542 -30 -1368 1340
-5130 7526 4747 -722 1318 -24
-4426 4093 3490 -1540 2262 -330
-2962 1653 2472 -1726 1335 -401
-774 765 1765 -1046 272 -323
351 -195 1686 -935 -213 -339
