2789 1210 -887 575 867 194
3029 1293 -1023 1092 524 755
3136 832 -717 1146 -253 1248
3233 790 -399 1307 -680 1794
3353 1119 -434 1602 -495 2372
3020 1246 -220 1339 -71 2841
2373 1488 11 816 -111 3468
1761 2466 183 480 -337 4132
1017 4248 -216 589 -347 5245
-7992 11046 778 1679 488 6164
-14232 24041 2580 4080 1632 5459
-13904 17804 6950 847 4490 2669
-12321 11560 2586 -1514 6066 205
-10950 6341 978 -1478 879 -1213
-6092 3414 353 -2090 -2383 -1498
-2340 2001 1065 -1738 -2428 -1088
151 170 312 -2225 -2308 -1108
2479 -1826 31 -2893 -1276 -931
1911 -2872 -193 -2676 1401 -655
720 -2571 -396 -1613 2898 -623
531 -2227 -561 -1287 2282 -756
841 -2821 -496 -1767 1326 -1026
839 -3051 -155 -1709 954 -1231
522 -2249 290 -964 811 -1297
-158 -1404 386 -417 1208 -1386
-3298 -1318 -711 -324 2179 -1486
-11492 -1294 -1323 -3 1894 -1447
-18028 1377 2629 2249 -899 -1795
-18790 11850 4031 5419 -2913 -2302
-15912 11995 2645 2287 -2327 -3428
-9604 3794 3534 -1148 -2171 -4334
-4757 5011 1551 773 -2521 -4919
-675 3663 909 1069 -1832 -4379
983 1136 437 373 206 -3467
860 180 69 987 1762 -2525
2193 1348 -428 2350 1876 -1474
3281 2369 -711 3111 1539 -407
3439 2792 -1045 2927 961 205
3707 2143 -1015 1957 -268 652
3370 1799 -1043 1430 -846 1297
2973 2031 -928 1184 -693 2050
2013 2303 -606 911 -401 2891
1242 2554 -17 744 -420 3447
688 3365 -378 672 -940 4272
-281 5338 13 1067 -1169 5537
-6691 11959 1478 2693 -927 6974
-8674 23266 2742 4737 615 7055
-15516 19074 5113 2003 3902 4736
-14313 12950 2736 -42 3886 1975
-8982 6750 2484 -1068 -157 352
-5052 3019 2218 -1739 -1079 72
-3242 1349 1643 -1675 57 253
-1800 -595 983 -2120 902 200
-327 -2458 471 -2403 1374 71
-7 -3198 275 -2030 1975 -21
-251 -3622 657 -1437 2183 -281
-201 -3465 706 -1084 1578 -646
311 -3358 497 -1009 794 -1093
288 -3321 268 -997 475 -1464
119 -2809 -31 -726 63 -1656
-87 -2324 -418 -502 -50 -1713
-1440 -1820 8 -115 241 -1751
-5496 -1133 1290 728 932 -1506
-16128 1542 -663 1639 2125 -1633
-22241 6298 -1113 3200 -1584 -3240
-17552 14167 1237 5578 -4723 -5051
-12115 11013 4546 1481 -4778 -5416
-9147 8920 2026 -513 -1874 -6403
-5370 6701 1161 -574 -100 -6294
-1831 4303 683 -1001 -25 -5424
-429 1575 585 -1010 654 -4406
-947 656 335 -534 826 -3277
532 984 -631 205 -1272 -2069
3389 1988 -1686 1176 -3424 -799
4299 2509 -2474 1394 -3978 246
4869 1480 -2138 955 -3156 1040
4171 1841 -1905 1944 -1196 2012
2112 2990 -1882 2815 971 2800
1477 3056 -1084 2405 605 3372
1627 2886 -73 2223 -440 3830
1461 3528 297 2645 -622 4272
1124 6105 15 3106 -37 5135
-7063 12395 3069 4447 1692 6480
-16742 22544 6308 5159 2241 6993
-16143 19073 9286 2120 913 4945
-8824 10977 7012 -1417 1235 1617
-7450 5584 3425 -2498 4150 235
-6337 978 1435 -3625 3793 54
-2893 -1269 392 -3555 1715 205
-130 -2480 -109 -2957 1150 359
682 -3355 -26 -2761 1282 332
596 -3961 292 -2512 1430 184
410 -3879 720 -2085 1234 -39
465 -3444 873 -1943 930 -376
938 -3357 666 -2216 1004 -742
703 -3164 436 -2613 1842 -1088
-1438 -2043 199 -2360 2885 -1464
-4481 -768 -263 -1752 2814 -2083
-6969 77 490 -1591 991 -3039
-9225 -1072 2831 -1769 44 -3740
-15243 719 3949 -389 802 -3311
-16354 4031 4220 994 2333 -3954
-16305 5372 3638 537 1776 -4418
-11593 5544 3920 1299 -1080 -4493
-5971 5154 2784 1408 -3669 -4430
-1523 4015 1734 1184 -3668 -3991
1044 2206 499 1352 -2976 -3250
1918 593 96 1429 -1026 -2397
1837 -172 -343 1539 1036 -1480
2054 1186 -1078 2453 2829 -60
2047 2291 -1108 3387 4565 1152
1541 2467 -707 3028 5438 2020
1075 2094 -79 2206 4643 2561
802 2052 298 1581 2735 2999
597 2125 360 1152 426 3323
502 2098 175 744 -1363 3545
77 1786 -126 308 -2805 3961
-473 1804 -82 124 -3667 4635
-5003 3342 1259 1255 -3819 5449
-10261 9541 4827 3952 -2433 5796
-11824 17458 4116 4915 55 4344
-12380 13513 5173 734 5522 1438
-10907 9168 3905 -1085 5587 66
-7393 3979 2898 -1739 759 -729
-4713 2530 1556 -1630 -1787 -1003
-2464 718 558 -1648 -2075 -924
-140 -1243 177 -1986 -2333 -887
1316 -1762 309 -1362 -1328 -759
