-1659 -1124 -1132 1690 -713 -2955
-946 237 -803 2619 -726 -3315
-418 567 -711 2321 -969 -3695
-1010 552 -1032 1911 -1279 -3976
-2504 721 -382 2074 -1509 -4292
-4614 1600 52 2266 -1535 -4990
-3715 2279 495 1784 -1996 -6029
-1539 2619 1535 1154 -2265 -6601
-2741 643 2889 140 -985 -6451
-4105 -1349 3245 -80 -1063 -5201
-3421 -127 3313 746 -2538 -3103
-2020 600 2741 854 -2437 -1204
-1417 200 1631 737 -969 126
-387 308 741 1534 567 1339
261 1061 501 2736 1761 2287
18 2665 1017 3464 2421 2750
-614 3495 1461 3497 2266 2873
-903 3131 1531 2775 1644 2898
-1036 3038 1572 2218 171 3149
-4782 4674 2833 2639 -772 3605
-7404 9456 4873 2482 154 3382
-10137 10461 4677 643 1826 2368
-8979 6224 3006 -717 4363 225
-9950 948 2207 -2874 4965 -922
-5982 -759 1296 -1873 2329 -1104
-3208 -83 1312 -1148 849 -1314
-970 554 1226 -344 403 -1322
202 -21 871 -787 -141 -1137
355 -192 981 -860 -293 -720
251 195 1142 -235 -273 -211
267 -12 1629 -238 -45 161
-298 -470 1480 -524 315 326
-916 -725 787 -709 450 395
-1774 -866 78 -710 418 169
-3543 -777 -210 -431 6 -340
-5681 133 1273 153 -972 -1130
-7670 1667 2803 510 -1073 -2148
-11343 1470 2032 -18 -523 -3330
-11791 1435 2039 116 -623 -4142
-11057 2023 2534 768 -875 -4128
-7978 1904 2796 805 -1626 -3378
-5076 880 1710 504 -1189 -2535
-3432 -418 651 171 -1 -1813
-1954 -779 -40 538 405 -1044
-973 -587 97 1240 249 -290
872 1315 683 2334 -108 425
1907 2231 644 2591 -294 1057
2379 2126 118 1905 -99 1407
2385 1724 -253 1437 176 1737
2371 1832 -570 1453 123 2191
2060 2019 -453 1325 91 2649
1350 1899 -141 1050 122 3027
904 1858 216 888 -55 3389
445 1918 574 909 -200 3755
591 2451 1850 992 1534 4055
-7778 7339 -1041 1552 5847 4494
-20277 11674 -2078 1567 3480 4859
-13162 18989 2498 2401 -1345 2645
-12181 7852 3384 -1245 1782 354
-7181 5187 2752 -1840 1448 -794
-4255 3513 1671 -2333 378 -1169
-3460 1669 521 -2684 1114 -896
-2007 -403 -171 -2949 341 -653
-240 -1605 -221 -2479 -130 -446
578 -1943 -131 -1663 511 -336
125 -2398 176 -1306 1298 -484
101 -2806 487 -973 793 -896
648 -2328 851 -364 -308 -1185
301 -1855 815 -70 -1142 -1263
228 -2063 969 -253 -1696 -1302
-683 -1549 769 -69 -1176 -1452
-4205 -1398 -134 113 -648 -1623
-9826 -1692 1199 416 -1834 -1809
-14455 2817 4105 2177 -2849 -2158
-16870 6185 4786 2386 -1425 -3397
-16189 4406 4190 336 -30 -4328
-10421 4540 3791 790 -2085 -4602
-4958 3608 2447 377 -2422 -4505
-2003 1695 919 -163 -1060 -3985
193 636 -119 451 94 -3175
1031 642 -336 1418 1315 -2216
2271 1800 -249 2181 2167 -1285
3492 3023 -336 2706 2707 -256
3858 3448 -805 2756 3522 480
3391 3586 -984 2284 3871 1164
2469 3244 -1246 1665 2913 2006
2298 2887 -1011 832 1146 2922
1833 3146 -989 344 253 3748
1068 3434 -429 16 -159 4385
-381 4384 -487 -271 -942 5279
-8369 6218 -224 -1 -1751 6196
-18066 9199 5320 891 -2063 5964
-16316 17074 8405 2103 -1474 4731
-9817 9899 7858 -2299 838 2536
-10246 5976 507 -2553 3133 -102
-7951 1440 888 -3770 2095 -1444
-1971 -672 1064 -3517 -106 -1279
1375 -876 688 -2426 -124 -1020
1917 -1450 39 -2113 960 -660
1395 -1727 -20 -2119 1474 -693
1493 -1388 193 -1748 891 -768
2071 -1320 435 -1638 -175 -756
2297 -1766 652 -1889 -463 -719
1852 -2137 755 -1926 36 -555
1335 -2116 601 -1855 613 -339
351 -1816 48 -1826 1109 -229
-3160 -2026 -513 -1660 1607 -182
-12612 -2880 -849 -1458 1337 -473
-21111 -2248 3232 -42 -1355 -1583
-18451 13029 8410 4717 -3431 -3704
-14749 6018 6634 743 -857 -4815
-9119 3758 2995 -739 -193 -4962
-4109 3620 389 778 -451 -4923
-924 1973 -27 754 610 -4075
-6 788 159 1415 1470 -2909
879 1214 452 1921 1154 -1879
2557 2447 41 2543 110 -812
3810 3050 -1249 2439 -134 168
4026 2771 -1612 1801 32 689
3553 2455 -1268 1499 -171 1461
2673 2350 -971 1189 -331 2359
1848 2577 -587 907 -493 3252
1016 3115 -663 837 -498 4120
1363 3290 -2027 707 -374 4807
-4130 6007 -1954 962 0 6022
-14758 13478 5528 3154 -1836 6929
-12509 20061 8581 4375 -1981 5854
-16219 9995 7888 125 3381 2127
