-2180 -299 1513 1392 -671 -3288
-1124 -428 952 1224 -211 -3065
-773 -660 762 1181 199 -2686
-351 -623 686 1439 478 -2215
32 -534 682 1656 763 -1578
312 -575 528 1776 1069 -894
224 -336 595 2040 1322 -11
326 70 633 2334 1333 997
287 493 706 2483 1312 1927
173 859 620 2676 1381 3006
-94 1317 508 2860 1480 4043
-736 2088 -111 3131 1540 4969
-2555 2756 -706 3628 764 5855
-3479 4155 -870 4676 -2270 6286
-7041 10221 5224 6681 -4838 6060
-9667 17506 11707 6590 -6109 4406
-7023 12370 7246 2343 -5478 1901
-4788 9793 2563 -815 -2566 -788
-2297 8035 4093 -1623 0 -1588
-1014 5500 3679 -2836 2118 -1550
-1078 3879 2076 -2983 3652 -1087
-1399 2921 1239 -2923 3988 -671
-1000 1859 876 -3053 3329 -391
-951 1090 965 -2787 2545 -96
-813 1026 1378 -2364 1814 171
-117 651 1269 -2225 1597 266
-746 42 1205 -2223 2000 254
-1418 -287 995 -2043 1858 141
-1121 -660 1000 -1809 910 29
-839 -1051 1158 -1686 231 -87
-833 -1115 1262 -1479 292 -171
-1275 -1059 1173 -1286 596 -298
-2013 -1042 1119 -1224 754 -556
-3046 -958 1159 -1126 477 -871
-4523 -784 1639 -819 264 -1331
-7872 -735 2383 -448 145 -1876
-11878 118 5044 291 -689 -2456
-13056 4013 5751 1322 -1167 -3195
-11700 3964 4892 451 -470 -3743
-8351 2409 3812 -26 55 -4043
-5025 2226 2707 553 336 -4094
-2937 1139 1660 494 767 -3600
-1478 382 1210 870 1242 -2831
4 566 908 1524 1863 -1806
263 645 551 1741 2107 -882
1008 1237 268 2139 1203 -203
2202 2131 106 2539 -486 381
2908 2148 -99 2055 -1632 707
3264 1588 -625 1432 -2245 1014
3075 1339 -740 1338 -1970 1584
2221 2170 -385 1650 -1308 2260
1659 3107 175 1820 -957 3003
-156 3846 338 1686 -1084 3873
-4597 6462 4123 1937 -1160 5106
-13028 14136 7803 3042 -656 5834
-14660 17486 8165 2170 -813 4969
-8488 8914 7106 -1190 1470 2474
-5872 6422 5242 -758 3924 958
-5766 1952 3632 -1488 5543 85
-5657 -762 2141 -2179 4246 83
-2896 -2078 1060 -1511 719 191
-428 -2736 507 -1390 -835 241
418 -3734 149 -1158 -613 212
729 -4032 111 -798 -266 -5
1073 -3174 200 -245 -24 -386
832 -2531 104 -27 198 -725
457 -2238 98 -168 171 -1059
-53 -1994 195 -57 84 -1285
-1487 -1462 418 212 20 -1465
-6387 -1087 594 320 -154 -1571
-12812 -579 2858 469 -1182 -1681
-15609 5926 6307 2389 -2774 -2373
-16443 9029 7553 1921 -958 -3738
-15580 5853 5723 -1018 145 -4396
-7825 6179 3356 -268 -2340 -4664
-3360 3976 1100 -943 -1486 -4622
-325 1803 -28 -515 376 -4125
819 1160 -1 769 1889 -3185
1183 1634 156 1866 2220 -2266
2972 2691 -107 2565 1258 -1237
4142 3129 -847 2880 854 -10
3845 2514 -1260 2180 420 818
3272 1661 -1238 1524 -122 1692
2812 1755 -814 1606 -327 2633
2217 2666 -396 1763 -216 3590
1538 3133 108 1550 -203 4181
757 3427 348 1119 -329 4643
-2387 5540 498 1436 -619 5671
-10327 11185 2926 2721 -162 6218
-15372 19972 6259 3803 -1163 6170
-13597 13366 8468 842 368 3090
-8765 6935 4933 -1978 2496 621
-6048 2680 3049 -2231 2334 -436
-3761 239 1797 -2697 2195 -355
-1663 -884 1296 -2318 1613 -237
35 -1922 979 -2279 912 -153
941 -2704 876 -2395 921 -212
954 -2928 616 -2135 1310 -321
723 -2655 443 -1735 1338 -597
639 -2341 299 -1504 892 -915
591 -2297 402 -1411 327 -1123
136 -2060 623 -1229 328 -1186
-1270 -1564 598 -785 860 -1254
-6960 -1218 1336 -392 1218 -1387
-13065 492 4188 378 -259 -1748
-14009 4270 6979 1312 -2806 -2461
-14850 6532 7597 434 -1394 -3558
-14599 5577 5855 -1198 -593 -4412
-7579 5994 4596 -639 -2778 -4661
-3290 4367 2400 -1402 -2006 -4691
-1149 2333 722 -1234 297 -4317
844 1493 -80 -166 1643 -3684
1755 1569 -366 947 2896 -2554
1340 1965 -730 1595 2622 -1367
2293 2372 -782 2111 710 -262
3281 2788 -1380 2304 -786 848
3270 3054 -1565 2160 -1321 1613
2628 3128 -1119 1815 -1303 2430
2099 3607 -496 1664 -1069 3277
2148 3885 -53 1759 -944 4130
642 4324 13 1247 -416 5418
-4342 5783 1227 1542 387 6803
-14553 13215 5379 3484 833 7294
-11910 17477 6661 3789 -936 5723
-11731 12376 9433 986 607 2819
-8862 5328 4813 -1257 3136 654
-6037 1845 2327 -1750 2394 -241
-3578 63 1684 -1627 2097 -258
