-5695 -244 3200 -573 4025 -2843
-3798 -875 1970 96 3597 -2512
-1813 -781 717 745 3212 -2122
-798 -175 -381 1645 2999 -1559
-459 322 -1015 2416 2783 -1220
-177 761 -1522 2739 2043 -1094
553 1147 -1429 3029 744 -1096
1418 1061 -912 3079 -85 -1137
1508 425 -574 2962 -152 -1125
1074 -138 -612 2851 59 -964
894 -738 -477 2661 310 -734
-72 -1231 -756 2538 866 -572
-1900 -2172 -761 2516 1131 -513
-5224 -3521 -23 2242 924 -623
-12619 -4704 1780 2033 636 -698
-16080 -1944 4473 3401 -299 -1785
-13842 983 5994 4029 559 -3355
-11203 -1047 5431 1706 2235 -4179
-8661 -1240 4068 1200 1434 -4040
-5315 69 2849 1592 321 -3621
-2009 566 2649 1442 -182 -2942
126 1116 1840 1269 376 -2207
1394 1109 730 745 917 -1505
2481 1748 -358 821 947 -863
2969 1814 -918 864 928 -377
2620 737 -892 552 1025 123
2129 567 -287 851 618 655
2374 1428 198 1449 -31 1266
1840 1777 -39 1392 -136 1973
1478 2201 -466 1053 362 2741
-2402 3172 -71 971 908 3668
-10178 5768 1422 750 832 4252
-17494 8054 4191 -77 -1030 4461
-14545 11253 7910 -303 -2356 3472
-11674 3343 4876 -3212 1127 1737
-9859 17 3785 -2963 1369 1150
-5536 217 3366 -1667 -309 1136
-4569 -683 2115 -2002 237 1620
-2972 -1713 738 -2526 489 2013
-1864 -1475 -322 -2289 324 2193
-1144 -1113 -850 -1709 68 2184
-777 -1548 -1013 -1540 -372 1921
-264 -1913 -924 -1378 -957 1572
131 -2383 -1158 -1081 -1240 1248
290 -3433 -1506 -1156 -442 883
-643 -4066 -1339 -1003 679 418
-1334 -3363 -841 -118 1004 -229
-3468 -2188 -564 753 1335 -1013
-8851 -1625 20 1077 465 -2076
-11763 -548 2803 1545 -1089 -3213
-14563 1144 5034 2351 -1564 -4023
-15775 3916 6290 2066 -162 -4368
-11877 3846 4574 981 -685 -4163
-6824 2546 3281 617 -1573 -3972
-3530 1475 2306 506 -831 -3501
-949 550 1662 869 58 -2741
660 489 846 1547 1404 -1663
1321 1315 406 2073 2576 -748
2366 2423 -407 2573 2950 -6
2631 2980 -884 2668 2302 536
2722 2457 -885 2221 701 1054
3511 1626 -724 1528 -1100 1659
3292 1379 -707 1499 -1530 2419
2504 1714 -335 1674 -1535 3128
1960 1990 -20 1519 -1774 3716
1376 2469 328 1625 -1822 4087
708 4091 587 2045 -1905 4635
-5691 7618 1934 2715 -1791 5554
-11996 19132 5622 3988 -1306 6329
-14276 22042 8984 2715 -257 5244
-12342 12233 5572 -1711 5557 1991
-8203 7198 2380 -1921 7759 -136
-4798 1192 684 -3257 7857 -538
-4247 -741 294 -2762 7290 -168
-3701 -2771 160 -2315 4766 -288
-1233 -3970 483 -2579 1528 -393
103 -4371 305 -2155 20 -447
569 -4521 291 -1561 -400 -658
682 -4221 366 -1107 -469 -1143
397 -3225 441 -674 -472 -1578
-21 -2001 370 -419 -536 -1762
471 -1442 776 -336 -303 -1986
-647 -706 754 -65 712 -2062
-7932 -345 -1410 -122 2684 -2042
-16979 -880 -2307 -372 1147 -2216
-16202 3473 -1005 1928 -2321 -2889
-18491 8780 285 3142 231 -4472
-13770 4337 821 588 -102 -4813
-7906 4826 427 1198 -1257 -5303
-4125 3324 363 1145 -466 -4985
-1552 2141 253 1360 -923 -4287
826 2085 295 2245 -1177 -3299
3423 2879 293 2852 -1218 -2186
5010 3823 -315 3003 -917 -1071
5805 4208 -964 2647 -39 257
4907 3632 -1445 2279 1077 1758
3446 3289 -1055 2031 1214 3119
2320 3779 -941 1942 686 4529
1431 4137 -748 1702 206 5379
592 4638 -65 1683 -577 6069
32 5631 180 1969 -2121 6746
-4205 8336 787 2371 -1459 7232
-14136 19084 2324 3522 1317 7392
-18974 19882 6883 2628 1221 5377
-13137 10659 4501 -1376 3275 2309
-9887 6354 2331 -1782 3791 402
-6290 1378 1831 -3447 2122 -52
-2928 -54 1675 -3176 810 -237
-441 -826 1167 -2973 475 -348
774 -2798 678 -3603 963 -588
625 -3946 266 -3363 1409 -860
487 -4123 123 -2478 1125 -1225
961 -3742 43 -1773 96 -1720
1135 -3116 62 -1289 -426 -1996
496 -2557 183 -1004 -258 -2113
119 -2110 482 -789 -35 -2107
-1341 -1415 662 -380 -48 -2010
-4584 -979 993 81 -294 -1942
-12044 -297 1593 336 -1488 -1893
-16127 4047 8171 1606 -5310 -1827
-11855 12939 9797 2180 -6662 -2722
-12627 5601 9083 -3070 -1984 -3750
-10613 6316 6392 -2180 -1578 -3821
-3369 4196 4105 -1601 -2450 -3812
-1614 1760 2131 -1635 200 -3541
48 367 783 -174 1852 -3063
949 128 47 956 2970 -2342
1332 903 -828 2350 3511 -1489
