-7240 3818 1159 -2860 3686 8
-4507 287 482 -3731 2577 -145
-2265 -1381 -142 -3423 2084 190
-1122 -3167 -479 -3231 1668 166
-348 -4861 -693 -3377 1242 21
-228 -4957 -348 -2537 1616 -227
-1157 -3950 20 -1606 1951 -817
-376 -3537 348 -1648 721 -1506
471 -2839 503 -1550 -296 -2049
332 -1981 689 -1297 280 -2389
-629 -1421 717 -1108 1281 -2627
-2203 -883 911 -757 2036 -2789
-5760 -774 444 -316 2397 -2894
-16161 -1424 853 223 1558 -2496
-17978 6172 4241 3321 -1857 -3050
-15869 11088 6246 3250 -1601 -3719
-12305 5199 5100 -919 -1398 -3896
-6791 4708 2447 -761 -2782 -4058
-2918 3029 1045 -1046 -1862 -3750
200 2443 -303 -262 -1019 -3107
1322 1524 -383 597 532 -2047
872 676 -284 925 1524 -1077
2375 2048 -425 1821 1225 -159
2640 3671 -2072 2942 1392 847
2732 3768 -2682 2703 -73 1466
3264 2408 -2059 1530 -1858 1814
2967 1664 -1216 1336 -1490 2338
2104 2126 -807 1881 -245 3199
998 2689 -456 1840 269 3838
455 2631 -65 1406 -23 4309
-1072 3267 185 1121 -622 5233
-6919 7121 3046 2329 -937 6321
-14065 16404 2779 4619 999 6440
-17221 22233 7720 3803 1932 4339
-11737 11359 7209 -1468 2901 1057
-8495 6253 3622 -2413 2555 -702
-4914 2296 962 -3138 1389 -932
-2878 583 358 -3119 1601 -551
-985 -1190 172 -3066 1326 -426
574 -2011 90 -2964 1051 -413
1189 -1875 417 -2458 1428 -410
981 -1330 507 -2011 1676 -394
808 -1336 330 -2221 1290 -529
1190 -1857 840 -2483 679 -754
1439 -1710 1240 -2218 650 -809
1074 -1253 570 -2101 1036 -728
737 -1066 464 -2113 1792 -822
212 -1013 299 -1820 2722 -845
-3218 -1254 168 -1486 3299 -782
-11431 -1622 1523 -1274 2180 -429
-19762 4074 2798 360 -2396 -610
-16637 14542 6871 2436 -6595 -1050
-11110 13765 7997 45 -3988 -2147
-10149 6155 5919 -3516 794 -3700
-8298 6003 3656 -1941 1516 -4512
-4541 5101 2561 -1282 22 -4343
-934 3776 1960 -1654 -797 -3963
468 2178 1286 -1716 -230 -3152
329 1288 473 -1916 344 -2336
195 893 -278 -1996 69 -1706
627 1207 -1042 -1580 -604 -1041
965 1568 -1117 -1428 -1214 -519
1277 1682 -965 -1609 -1979 -73
2292 2277 -1352 -1725 -2643 303
2821 3066 -2303 -1960 -2434 684
2130 3389 -2728 -2322 -2006 1204
2103 2983 -2475 -2817 -2181 1788
1921 2633 -1958 -3154 -1950 2454
1461 2568 -1187 -3247 -1524 3328
934 2426 -293 -3485 -1499 4367
329 3135 -283 -3436 -1475 6273
-3734 4071 -108 -2516 -7 9159
-17801 12498 3962 497 2544 11018
-12601 16744 9366 2366 4304 9622
-22534 15471 6714 -843 8440 5197
-16705 5222 2369 -2304 3562 2406
-12010 1442 2487 -2210 -1653 1499
-7432 2133 2571 -838 -1522 1255
-3338 1098 2100 -2319 -842 965
-1284 22 587 -2878 1179 1038
-755 -1054 -214 -3217 2616 923
-612 -2456 -619 -3570 2503 736
228 -2599 -6 -3003 1442 726
1011 -1581 128 -2003 963 928
1112 -1145 131 -2084 1144 1040
1024 -1451 11 -2379 1407 1009
717 -1279 135 -2157 1807 1011
603 -840 290 -1793 2253 992
19 -663 647 -1768 2415 941
-2072 -574 1010 -1739 2576 1037
-5293 406 1081 -1458 2823 1254
-8649 506 3031 -1035 1780 1253
-9739 3781 3977 1496 37 773
-5929 18539 11947 4152 999 614
-8867 65 4119 -4917 2896 -2268
-10191 44 3057 -3550 2521 -4184
-9979 5141 3470 2632 -2000 -3536
-9660 6957 2344 2116 -2844 -4214
-9450 3902 915 -2365 -3434 -5318
-7884 3467 1492 -1492 -4127 -5709
-4539 5535 -253 -580 -3751 -4961
-2684 3285 -953 -2382 -1485 -3687
-1046 1154 -1258 -2627 85 -2452
153 579 -1166 -1529 1134 -1401
899 638 -863 -547 1735 -521
1301 1518 -495 356 1940 183
1850 2218 -424 1069 1664 742
2384 2378 -681 1180 872 1213
2109 2124 -627 1007 105 1655
2035 1857 -564 799 -795 2132
2050 1848 -632 744 -1080 2516
1532 1896 -565 714 -684 2891
992 1761 -273 516 -473 3139
624 1666 363 396 -674 3333
-220 2571 1302 441 -1233 3898
-5538 5286 2640 724 -1554 4697
-15535 14454 3632 1038 112 5116
-16147 20944 6636 962 1670 4678
-13157 9577 6725 -2743 6800 2657
-10347 5284 3623 -2837 6494 461
-8081 2742 2285 -1865 2259 -108
-4470 322 1076 -2359 -123 38
-1442 -2475 183 -3513 -558 309
248 -4002 -1266 -3858 581 506
294 -4597 -1325 -2861 1982 365
-319 -4229 -1033 -1720 2298 -468
232 -3445 -474 -1235 1207 -1049
1028 -2803 168 -1106 153 -1475
