3319 3874 -999 2539 3968 1999
3459 3774 -1157 2234 2959 2893
3707 2860 -1239 1507 1034 3659
3272 3016 -1788 1045 -380 4598
3251 2415 -2194 1126 -1339 5361
2902 2673 -1741 1715 -778 6262
1982 4524 -1174 2533 592 7346
-4336 8671 -683 3314 1061 8276
-16110 24287 95 5008 -395 7515
-13437 22248 8471 3181 -2113 5920
-11197 16778 6530 8 1633 1267
-11493 8756 1397 -2294 5610 -1157
-8291 3213 1287 -2772 2154 -1770
-2793 455 2293 -3266 -485 -2130
1840 -1853 1099 -3199 -1459 -1763
4330 -4111 87 -2783 -402 -1164
2355 -3904 -341 -2154 2577 -642
300 -3599 239 -1771 2617 -432
1201 -2834 466 -1213 179 -418
1781 -2445 461 -1351 -656 -431
706 -2163 333 -1472 365 -487
-742 -1926 558 -1340 913 -702
-1308 -1498 931 -1075 797 -1038
-4313 -582 1304 -819 1097 -1440
-9968 349 3223 -486 660 -1887
-19854 3409 7414 294 -727 -1921
-19391 12903 6885 2329 -2744 -2787
-14594 12289 6195 -95 -2688 -4839
-9991 7215 4650 -2123 -1085 -5764
-4202 6505 1747 -515 -597 -5870
384 3202 212 -204 628 -4830
543 1386 509 605 1786 -3441
1319 1135 -231 1744 1360 -2038
3302 1632 -1046 2105 661 -851
3348 2512 -1694 2867 800 354
3394 2899 -1230 2477 271 980
3688 1715 -1096 1217 12 1336
2630 676 -1504 -8 681 1875
921 801 -1236 -310 950 2473
570 1196 -393 -335 171 2750
728 1862 526 -676 -924 3002
734 2769 322 -997 -1355 3614
-4118 4134 558 -1399 -123 4853
-21788 10650 5459 -144 2508 5800
-20913 24702 11539 2743 -2570 4205
-5339 10345 9351 -3403 -5299 775
-4765 4047 4609 -4854 233 -1357
-2392 1653 -396 -4889 3689 -1256
-2489 -1736 -2726 -5096 3627 -1109
-2257 -3564 -343 -4610 1759 -1058
3093 -1478 -2025 -2854 -1968 -160
5295 -2283 -1679 -2489 -2719 631
3912 -2565 -1653 -2293 -318 822
2364 -1800 -1297 -1387 679 731
2440 -2208 -340 -1369 -319 488
1748 -2534 -190 -1352 118 374
1014 -2314 -138 -1048 746 359
-392 -2136 712 -744 1539 393
-4999 -2318 3152 -614 2453 238
-11241 -1237 5169 -275 3307 -225
-20218 1947 3757 662 3773 -1101
-23625 2850 3303 138 2821 -2881
-15625 5656 3044 201 -587 -4086
-6414 3970 2124 156 -1196 -4502
-3075 1879 782 312 634 -4477
-1619 846 32 1196 2206 -3685
-2888 451 -473 1465 2905 -2371
-2563 1375 -482 2305 1613 -1158
72 2193 -491 2400 -571 -355
2252 2730 -763 2232 -1286 216
3390 2974 -963 2011 -1125 860
3348 3189 -784 1942 -478 1344
2807 2625 -237 1645 -151 1800
1912 1629 524 1225 -327 2345
1413 1313 203 935 -838 2798
1038 832 128 842 -1397 3223
1007 -376 136 802 -1997 3578
-2840 -1155 738 765 -2172 4326
-9124 2708 3207 2389 -2195 5102
-10062 6859 5478 3919 -2560 4701
-12258 11659 7654 3366 -1447 3222
-8257 11545 7738 2095 -1232 1331
-7959 6675 5485 -10 1012 -588
-6537 4450 3846 -468 1414 -1671
-5915 3680 3421 128 573 -1830
-4599 3111 2848 380 -324 -1880
-2631 2323 2214 484 -938 -1720
-1264 1188 1592 585 -1040 -1600
-467 613 1378 860 -973 -1540
266 526 1527 1319 -854 -1558
226 619 1109 1651 -676 -1690
450 277 514 1581 -870 -1995
645 -52 125 1647 -1550 -2232
597 99 -631 2124 -2473 -2470
1780 -246 -325 2230 -3639 -3059
2935 -1091 -440 1735 -4216 -3885
2804 -3249 -1412 774 -3558 -4237
2129 -6142 -2304 -595 -2266 -3987
217 -7574 -3001 -191 -55 -2168
-4772 -5966 -69 2146 1397 633
-13939 -1117 -219 3957 2684 2952
-28331 7909 3837 5071 -627 2299
-15685 12107 6419 4097 -6918 -1086
-10650 3591 2715 -729 225 -5729
-12445 2293 1010 261 6822 -6083
-10396 -63 -196 1990 4300 -6090
-5436 853 411 4227 675 -5857
-3861 2257 218 5059 1527 -5364
-2546 1155 1070 4899 2408 -4282
-1468 -170 2036 4824 1982 -2968
-862 130 1139 4901 1735 -1679
-1152 231 205 4296 1457 -661
-588 473 -385 4102 548 -121
320 915 -756 4340 57 187
664 1067 -939 4176 4 297
887 1160 -1067 3944 -8 286
1051 1086 -1358 3823 147 313
590 403 -2244 3368 498 286
551 16 -1907 3325 335 336
905 365 -1526 3709 -269 605
1284 519 -999 3503 -535 854
958 552 -463 3084 -379 1136
70 1343 -520 3172 -148 1967
-4138 3531 1289 3904 -158 2960
-7413 8758 2918 5379 -459 3732
-9973 12989 5 4932 -1745 3664
-10842 17457 6152 3417 -3079 2200
-6863 11404 5137 814 -1579 -151
