-12298 2207 4314 -135 926 -3794
-14158 4451 4570 392 1162 -4540
-17762 5366 4832 -204 1318 -4277
-10907 7323 2799 336 -601 -4415
-6084 5792 2332 -248 104 -4391
-3087 2896 1500 -494 1158 -3921
-1397 1794 1023 898 130 -2949
-381 1011 736 1427 -1004 -1968
833 717 193 1700 -2149 -1226
1856 1104 -741 1978 -2276 -570
3109 1529 -1801 2103 -1906 -95
3243 1958 -2233 1904 -1053 212
2695 2403 -2119 1403 -340 616
1963 2055 -1821 560 -564 1152
1618 2285 -1371 79 -1065 1883
1259 2993 -1247 50 -1145 2714
1177 3430 -1638 -305 -954 3442
-30 4898 -2076 -260 105 4833
-1894 9854 -1085 1732 1466 6849
-11014 21450 541 4957 2156 8467
-9982 20042 2567 3273 2679 7224
-15003 20594 4560 1642 2378 4680
-7567 10718 4148 210 297 1558
-6141 7152 1406 -1312 1131 712
-4604 3451 1102 -2406 2364 808
-3295 510 1246 -3271 2787 982
-2267 -693 727 -2715 2623 1103
-1635 -1517 597 -2641 2141 985
-1023 -2016 472 -2421 1683 894
-811 -2467 708 -2163 1709 759
-566 -2548 793 -1946 1798 406
-442 -2352 681 -1766 1573 -64
-255 -1955 610 -1697 1100 -469
-152 -1545 503 -1771 998 -798
-371 -1293 500 -1884 1254 -1042
-599 -1082 903 -1945 1473 -1169
-996 -778 1511 -1936 1866 -1239
-2064 -662 1490 -2025 2369 -1248
-5782 -1537 1169 -2434 3034 -1092
-14646 -1318 3077 -1866 3189 -903
-16439 3284 5313 834 2635 -2626
-19012 4713 4525 1164 3830 -4573
-18563 3288 1920 821 400 -5752
-13220 6717 2391 3124 -3349 -6501
-7782 7847 2567 2696 -4293 -6832
-3950 6858 1626 1340 -3829 -6311
-1265 4997 289 423 -2995 -5427
68 3458 -825 -75 -1593 -4190
1017 2784 -1423 -120 -498 -2989
1748 3101 -1592 346 -88 -2010
2197 2918 -1081 611 -56 -992
2812 3190 -1255 731 -428 -273
3532 3076 -1750 508 -1120 661
3290 2058 -1737 -265 -994 1634
2668 1460 -1151 -459 -632 2818
4268 2525 -159 -114 -490 4085
5799 4257 -262 -510 200 6139
-2525 8582 -2134 -1511 3530 8404
-24257 12699 -4927 -1812 4293 9650
-13682 8765 4232 -3319 -3185 8984
-12302 17668 13054 586 -1107 5843
-14156 8445 3673 -36 4592 2676
-7748 -400 2866 -1911 1248 1161
-4122 -2359 1958 -904 -725 1131
-3050 -3494 1385 -807 -260 1154
-2090 -3692 913 -730 -375 1112
-1392 -3505 -55 -477 -700 909
-860 -4071 -298 -789 -682 243
-1201 -4482 26 -852 -789 -623
-1079 -3385 -644 -482 -1426 -1538
-781 -2887 -1099 -649 -1510 -2322
-1397 -2825 -623 -887 -836 -3003
-4593 -2278 658 -260 -291 -3374
-9461 -1463 2691 732 445 -3132
-15180 1882 2905 1983 790 -2919
-14415 5597 3572 2214 -1983 -3834
-9938 4504 4091 593 -2017 -5041
-8304 1301 2147 -656 2079 -5559
-7927 -1355 1896 -487 3173 -5413
-5419 -1379 619 360 1667 -5062
-3238 -270 -547 570 1333 -4747
-1582 -232 71 843 1262 -4266
-782 -249 1327 1258 533 -3720
198 480 435 1304 -665 -2938
930 193 292 1084 -1375 -1901
1597 345 691 1127 -1228 -664
2030 1789 -743 1436 -654 955
2284 3250 -1963 1853 555 2693
3326 4448 -3629 2380 1491 4076
2858 6320 -3897 2934 1819 5441
5206 8046 -190 3376 1263 6755
4858 6658 1548 2654 481 7482
-765 6885 1893 2709 972 7492
-2159 8364 2734 2881 2782 7549
-7217 8287 760 818 4351 7681
-6590 9555 546 683 2420 7203
-5945 11691 1180 1763 1999 6422
-6653 12218 -663 1282 2453 4746
-6696 11044 -19 238 2317 2366
-5714 9549 392 -318 2266 162
-4520 9769 1387 -748 1186 -1685
-3697 10364 125 -914 583 -2420
-3496 8366 -266 -1648 807 -2343
-3151 5807 -217 -2201 1353 -2003
-2509 3981 112 -2189 1625 -1699
-1739 2694 251 -2000 1762 -1399
-1231 1802 560 -1941 1643 -1187
-669 711 410 -2368 1341 -1058
-233 -384 32 -2985 1590 -951
-353 -1494 -286 -3090 2149 -732
-126 -3062 -909 -3107 3077 -523
-2397 -4660 -917 -3026 4049 -526
-3957 -5230 472 -2266 3470 -934
-6920 -3121 1614 -1091 2301 -1836
-6675 -1848 5320 -480 536 -3642
-10281 1613 4884 -34 1419 -5033
-13624 2562 4399 82 -87 -5831
-16777 5255 5208 211 -2044 -6799
-14521 9640 6779 1191 -3523 -7023
-8927 9244 6736 -1175 -4659 -6396
-3921 6736 2344 -3627 -5209 -5023
-233 4491 -2314 -4398 -4077 -3513
2181 2498 -1777 -3999 -896 -1552
3419 1973 -120 -1791 622 330
1092 3097 -1592 -734 406 2144
3370 1487 -2405 -556 -2121 3662
3301 2051 -3006 968 -2278 5034
2261 3103 -2919 2238 -919 5938
