1549 -2215 1148 135 -3612 -835
-2092 -3496 1973 341 -799 -309
-14658 -1487 2985 1752 3208 1008
-27550 5759 3187 3553 1646 -137
-22430 18738 4634 5193 -3785 -2936
-8479 5990 5012 -1195 -5302 -5063
-5812 5060 1210 -2045 -2494 -5718
-1925 4134 -938 -614 -502 -5606
409 2597 -1188 -369 1492 -4737
-227 1660 -780 564 2853 -3654
-279 1269 -519 1355 2085 -2717
1284 2187 -393 2013 1018 -1862
2396 3340 -986 2391 1197 -1037
3016 2566 -1491 1543 964 -263
3133 1687 -1588 897 437 345
1849 1431 -1948 742 -162 1264
-446 1374 -1841 571 -1099 2156
36 1108 -1261 723 -2741 2851
2519 1281 -742 1238 -4610 3808
2735 2258 -645 1977 -3819 4844
-3238 6750 3846 3789 -2347 5846
-6399 20839 9975 6469 -2110 6930
-12062 21432 8277 4247 3113 5141
-16150 14278 6433 -518 7089 1962
-8148 7222 4752 -1436 2642 10
-4526 2258 4010 -2784 948 -146
-986 -437 2540 -3172 12 121
645 -887 957 -2622 579 535
573 -1515 50 -2436 1584 620
393 -2306 -272 -2691 1616 409
918 -2901 -224 -2601 985 292
1082 -2817 -96 -2031 826 193
729 -2887 -68 -2081 1001 -102
561 -2899 110 -2122 853 -344
358 -2542 299 -1941 834 -475
166 -2098 515 -1789 1271 -483
-1345 -1928 728 -1550 1944 -350
-7849 -1704 1445 -1078 2338 -2
-16792 1094 4766 211 986 68
-17443 8679 8441 2257 -2111 -1327
-18618 11867 7812 179 -732 -3337
-11551 6200 5946 -1976 62 -4959
-7463 5878 3990 -1185 -438 -5608
-3228 4448 2413 -1192 -790 -5850
-931 3161 1435 -703 -531 -5447
192 2114 719 26 -84 -4759
660 1483 455 861 275 -3880
1114 1079 417 1345 426 -2972
1696 1369 141 1665 550 -2124
2532 2039 -343 1968 1005 -1154
2691 1594 -1082 1781 1464 -324
2320 1468 -1062 1698 1311 599
2120 1616 -662 1841 487 1486
1888 1610 -127 1606 -288 2211
1714 1719 231 1573 -845 2963
1369 1362 350 1663 -1073 3628
-576 984 618 1528 -1346 4834
-5591 2839 2863 3171 -2325 6452
-8749 10172 6535 5958 -1562 7126
-13845 18277 4755 6684 1565 5237
-18724 15445 7564 3375 3167 2263
-10240 7168 6102 762 -99 -5
-5549 3677 4374 138 -1585 -1081
-3367 758 2576 -705 -374 -1053
-1111 -550 1940 -643 -282 -771
70 -1099 1323 -187 -627 -553
804 -1555 870 -442 -636 -616
1275 -1881 407 -184 -378 -647
1249 -1919 -19 29 -80 -703
1182 -1867 -195 165 -78 -927
1375 -2205 -75 85 -629 -1507
1324 -2495 -461 -159 -1081 -1929
350 -2407 -478 -31 -1020 -2025
-657 -2060 -129 382 -535 -1934
-5026 -2125 -199 863 199 -1683
-13635 -1353 -68 1579 -63 -1435
-22632 1268 -18 3334 -2581 -3225
-23129 7361 5031 5711 -4668 -5116
-16715 6526 3338 2845 -3981 -6717
-10796 2863 1466 22 -861 -7529
-6720 2811 261 1064 478 -7621
-2058 2331 -839 1541 503 -6951
125 1049 -613 1450 1780 -5558
112 249 -979 1764 3432 -4381
1372 1573 -858 2606 4198 -2875
2501 2481 -1288 3378 3843 -1149
2678 2530 -1249 3042 2950 291
2502 2379 -645 2829 1899 1604
2311 2188 -147 2952 1258 2604
1853 2011 235 2897 925 3268
1223 1876 591 2997 555 3808
817 1856 742 3162 -24 4136
695 2129 318 3347 -732 4421
703 2798 -761 3588 -959 4746
-4434 5413 1121 4071 519 5054
-14054 10086 3147 5244 1072 5128
-16003 14092 4399 5287 -999 3937
-11003 8922 5397 1788 -1456 2042
-8962 6221 4826 366 -248 158
-7410 4531 3150 167 139 -331
-5392 3357 2550 -624 -508 -375
-2950 2339 2002 -1023 -1025 -405
-1419 1188 1573 -1126 -221 -473
-1277 156 1075 -1244 1249 -514
-721 -1439 857 -1410 1385 -725
-79 -2479 1243 -964 782 -905
95 -2451 1624 -163 -207 -969
620 -1821 1234 115 -1306 -1086
894 -1707 769 -54 -1990 -1197
647 -1695 409 -249 -1830 -1213
291 -1683 181 -89 -1657 -1060
49 -1379 435 273 -1774 -844
-3091 -752 1044 687 -1787 -639
-9522 1515 2301 1393 -2423 -680
-14553 4902 8879 2098 -5021 -1153
-15237 14141 9614 2391 -4691 -2344
-13638 8622 6199 -992 -133 -3605
-10343 5537 4526 -2633 106 -4097
-4181 5337 2162 -1590 -965 -4299
-707 3136 424 -1757 961 -3625
570 903 -608 -1088 3499 -2481
-842 496 -11 33 4919 -1136
1512 1502 543 763 3966 -62
3431 2353 434 1357 2550 1147
2993 2227 -226 1250 1936 1781
2940 1259 -485 668 370 2277
3200 686 -378 996 -1109 2776
2875 960 -52 1500 -1407 3261
