-14031 12386 4236 -286 7320 -17
-6190 4689 2877 -2246 1199 -1625
-4316 4068 1910 -1636 -1758 -1646
-2519 1924 1400 -2077 -1762 -1406
-1412 -792 681 -2952 -1849 -1123
607 -1511 424 -2380 -1751 -637
668 -685 752 -1504 -350 -364
506 -1240 618 -1701 743 -326
409 -1578 689 -1850 1121 -368
307 -1588 667 -1505 1277 -439
284 -1350 578 -1199 1155 -569
6 -1402 537 -1145 809 -792
-587 -1341 589 -904 349 -909
-2346 -1203 1031 -653 -233 -882
-6491 -802 2200 -312 -491 -781
-10638 1455 3202 175 -700 -837
-11884 5936 4663 1007 -1916 -1135
-10907 10021 6588 923 -875 -2174
-10441 7492 5466 -1448 898 -3170
-6665 6381 4027 -1685 70 -3766
-4342 6104 2568 -1220 -367 -3879
-3112 4446 1699 -1170 329 -3939
-1684 3280 1158 -565 219 -3769
-671 2253 903 70 -22 -3454
-41 1462 933 666 -80 -2974
412 1213 690 1183 -144 -2297
498 1319 300 1455 -234 -1529
631 962 -19 1572 -433 -771
900 475 4 1621 -680 -84
1090 389 -110 1695 -933 814
1178 413 111 1727 -1391 1641
868 636 346 1754 -1386 2394
233 841 685 1961 -1286 3371
-140 1560 1109 2384 -1452 4432
-5565 3567 3507 3398 -1499 5260
-8617 9193 5075 4162 -922 4724
-8880 11455 7449 3004 -311 2638
-8550 8421 8102 1560 1923 448
-6694 2720 4647 -865 3954 -1071
-6194 1045 2940 -277 3476 -1131
-4712 949 2354 356 1602 -1164
-2679 1210 2478 814 -261 -1211
-1228 881 2363 803 -1156 -1305
118 260 1657 431 -1645 -1517
923 -150 940 245 -1831 -1611
1833 -522 605 148 -1683 -1807
1426 -877 153 250 -653 -2076
1292 -1421 -243 271 -316 -2365
1176 -2065 74 694 -517 -2560
183 -2710 29 1262 -608 -2346
-2238 -3720 633 1930 -529 -1762
-15396 -2320 2457 3685 -228 -331
-22474 5599 2486 6105 -2873 -420
-12458 9337 5812 5233 -7527 -3217
-7328 4219 3372 640 -1830 -5583
-7756 1065 643 -954 4795 -5246
-4452 78 116 816 5262 -5195
-1506 551 -807 2507 5743 -4441
-583 -129 -933 2370 6632 -2963
-271 -434 -214 2390 5612 -1402
917 616 58 3033 3122 222
1589 1054 -295 2911 1171 1661
1675 1060 -368 2515 -6 2677
1276 1114 -501 2733 -576 3498
1083 1184 -312 2843 -1228 3980
1029 1408 180 3123 -2127 4223
614 1850 437 3581 -2829 4257
1345 2043 414 3865 -3235 4334
2122 3133 214 4210 -2505 4419
-1543 6027 -278 4615 147 5188
-8964 9659 -1354 4017 1161 5935
-11773 11578 -3244 2788 -1920 5524
-7974 12098 232 2809 -4387 4134
-6652 11547 3255 1534 -861 1716
-6673 7198 2270 -1013 3025 633
-5913 5673 16 -1272 3450 -113
-4893 3646 -270 -2115 2765 -375
-4071 1796 236 -2155 1893 -457
-2357 411 367 -1777 101 -705
-854 -1173 187 -1676 -1017 -836
-142 -2451 386 -1557 -1058 -916
382 -2879 342 -971 -438 -1124
66 -2913 372 -465 403 -1372
-375 -2788 481 -71 465 -1584
-1326 -2425 257 564 62 -1748
-4685 -2012 -699 1058 -397 -1636
-10340 -687 -376 1930 -1823 -1497
-12460 4647 -75 4088 -2862 -2691
-11695 8085 777 3900 -833 -3949
-14206 6811 -743 1791 500 -4193
-11202 7882 -2162 1777 -2466 -4613
-6946 7864 -1547 1529 -3243 -4544
-3992 5865 -1103 666 -3060 -4050
-1934 4260 -778 371 -3133 -3470
-283 2806 -1084 167 -2908 -2714
308 1846 -1221 89 -2431 -1937
784 1571 -999 417 -1722 -1300
1757 1966 -1021 980 -829 -685
2122 2300 -1332 1038 382 -142
1718 1865 -1492 745 749 369
1313 1380 -1299 762 15 697
1049 1998 -915 1157 -921 1272
662 2325 -623 1361 -1520 1888
464 2394 -630 1326 -1823 2452
-514 3243 -824 1628 -1707 3367
-7204 5663 757 2690 -1609 4243
-15227 12090 3687 4561 -3789 4216
-9984 16637 7050 4868 -6882 3097
-3861 8761 13206 1322 -4712 1646
-6834 6431 8447 -634 3228 -25
-5865 1749 4891 -1599 4300 -452
-3212 233 3353 -1220 2276 -164
-801 -1123 2468 -1648 1625 156
454 -2206 1493 -1887 1889 351
618 -2779 1634 -1515 2422 650
449 -2836 1480 -1305 1981 898
646 -2692 884 -1495 1272 917
702 -2701 585 -1808 766 536
774 -2283 350 -1648 382 69
1022 -1654 474 -1335 -73 -288
915 -1386 585 -1232 17 -541
-224 -1566 890 -1195 539 -630
-4740 -1991 1311 -786 1623 -553
-17460 -467 3949 335 1581 -830
-17592 8308 6398 3152 -1692 -2048
-14111 11786 7317 2080 -2041 -3807
-10599 5081 5298 -1208 -395 -4402
-5060 4671 2686 -688 -1846 -4541
