747 -110 -185 -807 -281 122
442 -855 -1785 -1312 1465 510
-179 -3774 -1252 -1376 2044 258
340 -3598 1083 819 1986 -222
640 -1222 2218 2272 1673 -425
371 -1459 2627 1125 1443 -688
-1693 -1316 2409 531 1683 -278
-3186 -1858 2413 1386 198 110
-2072 3686 2693 567 -1749 -2305
-4772 716 3457 -2934 938 -3032
-8172 1225 3764 -1055 2156 -3609
-14894 508 5314 483 2537 -3555
-15723 3481 7043 1054 -1191 -3324
-11552 6694 4678 1485 -4451 -2936
-5872 4996 2804 -554 -3946 -3190
-4822 2953 1554 -245 1229 -2572
-6182 1553 200 -284 4159 -2225
-3278 993 -904 563 1160 -2077
392 1654 -948 1692 -1100 -1899
2017 2037 -1191 1957 -624 -1559
2657 2360 -1844 1679 -155 -1361
3515 1914 -2133 1739 100 -1039
3841 1188 -1971 1624 714 -473
3461 1614 -1934 1477 1859 444
1303 1901 -1498 1294 2813 1352
561 1731 -519 961 2419 1895
327 1934 901 1258 812 2324
-300 2097 1936 1311 -1335 2948
-2656 3100 4234 1544 -2388 3662
-13540 9964 3649 2408 566 4040
-14652 13152 7572 2836 -1463 3690
-11521 11342 7467 1579 790 1711
-10011 5493 5863 -945 2330 899
-8987 4118 3610 -530 -485 616
-6857 2032 2453 -932 -1474 827
-3112 83 2133 -1050 -3034 799
80 -1074 1243 -776 -3287 658
1654 -2022 681 -1151 -1601 577
1392 -2933 64 -1213 -196 386
1246 -3160 -126 -1191 -25 -13
1397 -2338 236 -689 -530 -307
1701 -1858 574 -535 -886 -351
1280 -1808 697 -894 -363 -358
1090 -1666 698 -864 341 -231
1029 -1032 877 -582 1187 -177
-1188 -444 775 -402 2839 -109
-10338 -963 2074 -659 3627 -25
-16774 121 6247 172 717 -614
-13539 8200 9659 2016 -3152 -1951
-15176 8993 8942 -355 -1273 -3135
-11174 5413 5757 -2008 -725 -3678
-6751 4858 3835 -1456 -1152 -3849
-3490 3145 2351 -1567 24 -3716
-1855 2044 1276 -780 1110 -3146
-750 1250 403 -185 1391 -2587
685 1640 -367 667 1078 -2032
1182 2882 -738 1463 1145 -1454
1966 2657 -1134 1504 912 -1074
3854 2215 -1784 1418 218 -585
3033 2114 -1792 1486 535 34
2793 1613 -1613 1174 375 838
2179 2063 -1413 1307 389 1696
1324 2323 -729 1367 350 2476
909 2413 -62 1280 -195 3305
333 3564 176 1428 -288 4503
-6995 7391 1957 2470 472 6046
-16398 14625 5316 3493 508 5923
-14021 18123 7352 2882 -2029 4126
-7486 12945 9298 783 -975 2378
-9757 7076 4757 -1709 3915 1114
-9366 2366 2238 -2796 3307 881
-4260 -83 1815 -2548 -16 664
-1033 -747 1269 -2249 -454 657
1048 -2001 130 -2488 55 839
1175 -3684 -304 -2576 1039 715
314 -4197 -156 -2185 1496 357
347 -3713 -202 -1613 757 -93
964 -3709 -212 -1442 -248 -461
1048 -3169 214 -1229 -379 -740
656 -2096 648 -859 5 -882
17 -1584 946 -791 433 -977
-1020 -2078 1927 -569 1300 -964
-12479 -1179 1463 -394 4646 -528
-22011 393 2627 21 4537 -2809
-17756 7271 5844 2177 -1245 -4527
-16612 6761 5766 -413 -1199 -5132
-10785 5353 3320 -1735 -565 -5657
-7449 4178 2285 -1396 83 -5426
-3239 3833 1284 -456 -757 -4762
-1136 2681 382 568 -1367 -3590
-827 1473 176 1365 -621 -2861
-368 1946 201 2377 182 -2242
2403 3364 -211 3020 -462 -1344
2635 3939 -767 3012 -129 -654
2404 3271 -1709 2205 1126 -257
1432 3222 -2358 1781 1644 386
1149 2985 -2164 1324 1300 1019
1221 2290 -1380 761 786 1636
804 1912 -553 536 698 2092
486 1546 375 387 41 2674
-29 1838 287 299 -1090 3704
-572 2357 318 428 -1680 4994
-6183 4388 2710 1802 -1702 6969
-9762 12201 5952 4357 -1378 7255
-13854 19035 6244 4487 -494 5675
-15112 16157 9978 1311 2082 3281
-8637 8276 5383 -1270 3231 1104
-7205 2821 2521 -2563 2505 595
-4660 247 1301 -2801 984 540
-1900 -595 725 -2226 140 540
-15 -1463 163 -1809 220 661
1165 -2329 -315 -1843 420 571
1107 -1989 -570 -1707 1030 274
951 -2025 -898 -1711 1352 5
876 -2867 -967 -1979 1016 -242
968 -3150 -468 -1800 411 -339
812 -2574 62 -1564 391 -326
243 -2058 449 -1515 886 -346
-1276 -1974 989 -1330 1178 -353
-6093 -2598 1944 -1102 1437 -243
-12056 -2091 2889 -367 1808 -800
-19091 5042 6090 1678 374 -2112
-20836 13517 8061 2498 -1299 -3251
-13796 8033 5532 -935 -2169 -4848
-8891 6541 3769 -818 -2824 -5377
-4535 5234 2031 -1158 -2684 -5589
-1337 3883 815 -537 -2023 -4968
224 2421 298 -58 -369 -4085
