-1851 3847 2107 -40 51 -7
-2737 4214 2633 -39 215 50
-6165 5051 4208 -95 -154 18
-12048 7329 5949 -302 -2024 -315
-5862 6635 4251 -1991 -6859 -961
674 4287 3910 -2609 -7173 -1242
2173 3003 2628 -2087 -2253 -818
1096 807 1449 -2758 2428 -700
79 -80 1175 -1718 4892 -378
-532 -561 1366 -934 5127 25
-1316 -807 1376 -489 4977 405
-1352 -1184 1064 -453 4298 759
-1841 -1475 731 -516 3412 989
-1218 -2014 711 -509 1776 918
249 -2747 170 -1030 606 614
394 -3047 -181 -1529 550 344
674 -2319 -258 -1188 431 211
1086 -1565 -207 -699 462 301
760 -1571 -76 -726 1118 362
-221 -1718 -23 -649 1820 383
-1205 -1697 -24 -160 1882 536
-6998 -1513 -336 400 2127 904
-21249 -464 -733 1090 204 627
-18567 5826 5140 3621 -5652 -599
-17011 18452 6957 5306 -3609 -3546
-13707 6053 5064 -628 819 -4581
-9152 4338 2558 -132 -791 -5203
-4599 4581 1077 216 -1872 -4972
-1239 3547 309 278 -1681 -4223
393 2125 -176 444 -823 -3558
425 1068 3 641 281 -2775
1045 776 -31 872 471 -2090
2976 1443 155 1472 273 -1108
3644 2313 -108 1819 1274 -88
3045 1994 -1033 1261 1812 725
2067 1776 -1766 1032 627 1564
2855 2138 -1742 1374 -562 2438
2373 2711 -1407 1680 -653 3345
1660 3107 -863 1847 -507 4096
1302 4215 -305 1894 -811 4859
-460 6450 -952 2174 -1150 6191
-10017 11507 494 3181 -256 6994
-17381 22057 2656 4214 651 6343
-14547 17368 9039 1246 3233 3719
-10626 7871 4233 -861 4728 674
-8325 2927 2188 -1924 1988 -156
-4244 -211 1637 -1781 21 -170
-1783 -1800 1925 -1666 86 122
-390 -2254 1687 -1455 169 391
897 -3320 964 -2240 63 399
854 -4597 659 -2230 606 123
548 -4165 454 -1609 616 -257
652 -3326 306 -1143 -235 -719
956 -2939 477 -1170 -1041 -1136
1241 -2730 646 -1197 -1208 -1323
1394 -2420 503 -1049 -761 -1249
1120 -2186 415 -891 -265 -980
-2325 -2407 1083 -718 754 -209
-16011 1620 2727 1335 1320 3033
-21556 13061 5033 3778 -2876 -1187
-13963 23570 9714 1090 -4745 -2816
-14494 8570 6803 -2290 2258 -4351
-9404 8039 2745 -2051 835 -5716
-4510 6459 1445 -871 -166 -5534
-1374 4430 1109 -1036 -282 -5065
476 2777 397 -207 -544 -4270
1144 2067 357 319 -244 -3644
2273 2682 -145 1057 -13 -3218
3763 3554 -1398 1501 573 -2675
4902 3453 -2293 1372 1618 -2005
4999 2633 -1812 1006 2815 -1042
4372 2522 -1646 931 3210 637
3510 2549 -2219 749 2211 2163
2396 2730 -1855 599 633 3483
2286 2630 -1228 794 -763 4485
621 2432 -797 887 -1341 5625
-1070 4412 -300 1807 -2183 7555
-10447 10304 725 4783 -3987 9191
-10907 30876 3489 8179 -4450 8029
-11938 20235 12064 1995 993 4493
-10980 11716 3185 -1070 7121 506
-9788 4380 1224 -3488 5397 -642
-4717 -399 1841 -4431 990 -925
-459 -839 1331 -3334 -380 -481
1126 -774 922 -2069 337 25
1172 -1694 580 -2720 1595 80
693 -3211 26 -3141 1858 -85
620 -3764 -49 -2544 1141 -299
1071 -3290 -232 -1847 472 -627
1126 -3076 -114 -1700 154 -984
852 -2741 196 -1653 338 -1175
377 -2029 436 -1222 672 -1170
-423 -1510 472 -877 1003 -1042
-3344 -1669 963 -802 1350 -604
-10189 -334 498 -178 1792 94
-19886 5322 2687 2029 -1098 -444
-16786 16201 6380 4279 -3601 -2397
-15373 11018 7169 411 -1017 -4010
-9858 8024 3748 -1030 -920 -5145
-6036 6633 1711 -630 -1264 -5545
-2827 5190 995 -243 -1490 -5231
-222 3808 441 350 -1679 -4472
1257 2721 288 776 -1265 -3654
2589 2271 348 1273 -441 -2882
3237 2718 -118 1778 490 -1919
3269 2910 -660 1930 916 -986
3460 2620 -572 1590 565 -84
3763 2112 -681 1107 50 896
3072 1962 -852 713 -199 1888
2377 2151 -832 561 -378 2988
1960 2391 -778 486 -241 3935
1369 2497 -840 289 -3 4843
-344 3766 -1288 397 363 6201
-4840 6880 -19 1622 519 7534
-13547 16687 4309 4847 -169 8096
-10109 20073 1744 4269 1177 5635
-14013 15741 6481 907 2916 2808
-7614 6005 4048 -930 1073 -381
-5442 3135 2263 -1660 174 -1040
-3522 1590 1583 -1270 710 -1005
-2192 -589 1700 -2219 1341 -772
-1038 -1732 1633 -2058 1192 -535
43 -1731 2138 -1855 799 -262
548 -1041 1550 -1796 598 -8
835 -1252 1134 -2197 644 -26
1089 -1529 1008 -2421 842 -79
932 -1331 651 -2187 1481 -90
641 -1196 949 -2026 2009 -180
