-2632 1875 5092 112 -1403 -1492
-1986 2157 4219 -34 -451 -1534
-1526 2133 3777 -197 754 -1581
-1318 1747 3414 -145 1590 -1528
-1353 1866 3227 186 2088 -1239
-1195 2120 3029 483 2223 -881
-1002 2484 2658 701 2124 -609
-1045 2759 2288 906 1806 -418
-2217 3200 2777 1068 1110 -272
-2011 3759 2723 1130 -463 -91
-1858 3719 2920 907 -1696 73
-1725 3342 3148 641 -1884 135
-1520 3011 3105 565 -1330 171
-1756 2724 3117 509 -423 136
-2373 2481 3233 348 146 43
-2495 2337 3248 169 98 -7
-2426 2376 3179 67 -131 -12
-2255 2243 3147 -108 -279 -50
-2084 2404 3313 -238 -306 -73
-2002 2346 3254 -253 -26 -87
-2071 2235 3488 -319 1002 -209
-3001 2346 3078 -306 2140 -546
-2863 1881 2666 -417 1869 -857
-714 1578 1742 -395 751 -1025
771 1447 1174 -19 379 -837
1057 1994 1684 788 372 -408
604 2386 1160 1606 259 208
568 2520 1461 2181 -288 1106
582 3156 2154 3141 -146 2394
-3875 5746 4048 4169 1807 3537
-12330 10104 3866 4223 1164 3981
-10644 8687 6229 2446 -3329 2922
-3638 6385 6033 1350 -2323 892
-5583 4710 3868 815 2651 -37
-6590 2459 3131 -786 3918 -267
-4947 1120 2709 -1132 1064 -541
-2387 1619 1998 -509 -996 -552
-1117 1338 1471 -812 -1289 -366
-1301 250 1464 -1666 -563 -123
-1677 -262 953 -1520 -275 -43
-1504 -103 1000 -1038 -571 -73
-1531 511 1291 -786 -866 -108
-1076 1021 1406 -633 -1006 -216
-539 924 1395 -757 -611 -358
-302 154 1260 -969 42 -469
-257 -665 1084 -1097 682 -651
-195 -1077 1070 -985 1125 -874
-212 -1018 1154 -660 1262 -1075
-736 -826 1291 -385 1256 -1318
-1439 -686 946 -283 1426 -1628
-4229 -2014 799 -418 1728 -1702
-12391 -2664 1419 -68 2350 -1201
-21340 2127 4183 2398 -433 -1863
-17209 12838 7912 4613 -5244 -3510
-9177 6921 6979 -769 -4575 -5461
-7889 6317 4277 -1277 -690 -6287
-4858 5642 2512 -23 661 -6245
-2076 4921 1760 739 139 -5357
-501 3687 1089 1432 257 -4204
23 2245 714 1410 484 -3043
816 1679 38 1703 622 -2136
1596 2538 -1193 2333 1063 -1226
2145 2965 -2331 2504 1314 -333
2502 2308 -2136 1698 628 245
2978 1503 -1673 729 -319 693
2793 1799 -1566 615 -732 1737
1962 2853 -1498 502 -983 2834
1582 3802 -1365 417 -785 3930
-356 4912 -1090 481 -574 5158
-11073 8697 3087 1193 -56 6228
-17865 14554 6825 2138 986 5958
-12818 13572 8645 1099 2970 3210
-9737 7173 6100 -1905 3857 1112
-5689 1185 2904 -3201 2408 -106
-3743 -1269 167 -3283 1649 -113
-1134 -2992 80 -2787 1380 -171
-99 -3248 476 -2065 1073 -161
1049 -2396 851 -1341 296 48
1647 -1744 939 -1411 -13 187
1373 -1814 546 -1826 327 311
1122 -1937 341 -2010 335 391
1014 -1732 430 -1902 266 471
706 -1486 421 -1870 596 406
-611 -1492 563 -1900 996 254
-4532 -1880 678 -1665 1183 1
-10242 -3043 1674 -1411 1480 -146
-20310 4254 4256 1373 814 -518
-20628 18079 6680 4069 -627 -2044
-14698 10682 6021 -1138 443 -3657
-9051 6785 4320 -2016 56 -4762
-3492 6190 2475 -951 -599 -4858
-1421 3599 1700 -1981 764 -4424
-806 2153 1671 -1110 271 -3885
501 2244 1444 -602 -150 -3219
315 2047 1177 -358 539 -2534
504 1785 1026 -573 441 -1995
1130 2123 536 -606 125 -1531
1623 2471 -254 -531 146 -1072
2112 1705 -294 -900 224 -831
1929 951 -108 -1265 408 -527
1715 683 330 -1367 431 7
1413 1256 589 -1396 373 652
832 1886 591 -1571 198 1386
567 1858 286 -2162 -379 1945
531 1763 115 -2580 -1160 2514
64 2641 -470 -2614 -1992 3673
-166 3452 -1759 -2591 -2189 5762
-10489 6127 -35 -965 -1547 8223
-20674 18532 9304 3539 -2837 8934
-17267 17011 8968 1816 -2043 6658
-14853 13725 8789 -262 618 3570
-12158 4925 5443 -1413 2299 1416
-7242 1145 2985 -1373 3163 1456
-3964 -363 2980 -1348 3637 2149
-2260 -1431 2923 -1303 2253 2305
52 -1700 2529 -1322 447 2102
793 -1390 1922 -1392 620 1819
931 -1823 1114 -1758 508 1436
1784 -2240 507 -2055 -325 1081
2006 -2244 336 -2079 -558 886
1154 -2476 384 -2432 -8 692
137 -2975 403 -2980 345 456
-336 -3365 -189 -3770 724 230
-536 -4452 -259 -4663 2620 9
-4644 -4369 -1992 -4800 6279 -881
-15413 -4194 -2206 -3677 8772 -3439
-21358 -2347 -414 -1527 5048 -4986
-15778 1747 941 1038 168 -6347
