3595 604 -1323 -1194 -1107 -3098
3140 1825 -871 -1169 -1076 -2539
3444 3339 -40 -1008 -1000 -1660
3050 4620 1191 -1222 -1113 -135
1151 5666 1675 -2141 -1438 1864
-9921 7752 1521 -2253 -180 4830
-16073 10855 565 -322 906 6835
-7683 12945 12021 1107 1203 6214
-14560 7990 8561 -1719 7623 3787
-11222 1122 2082 -2934 2943 2758
-6065 -3254 2185 -2937 -1466 2644
-2700 -4255 1393 -2065 -506 2001
-926 -3719 1020 -727 661 1611
92 -4343 -359 -1612 1245 948
241 -5474 -800 -2538 1606 60
451 -4657 -544 -1526 1182 -699
820 -3161 -651 -826 474 -1283
487 -2833 -358 -1366 425 -1690
-935 -2407 36 -1295 1270 -1810
-5644 -2407 447 -911 1728 -1676
-13929 -1864 2748 -561 1327 -1604
-19549 3618 5065 1725 95 -2828
-19216 7969 6076 2132 -508 -4398
-17117 5972 5453 -845 -721 -5011
-9274 5843 3378 -79 -1560 -5251
-5220 3985 2605 -415 -573 -5218
-1252 3067 1075 -89 181 -4892
631 2383 249 1051 811 -3659
804 1248 258 1316 1596 -2295
1890 1435 -213 1468 1689 -1241
3481 2955 -787 2127 2035 -127
4306 4117 -1069 2266 2893 700
3742 4199 -456 1475 3083 1243
2645 3602 -386 268 2172 1911
1426 3771 -552 -62 1275 2730
-144 3849 -499 69 6 3620
-861 3469 931 92 -2579 4379
-252 4524 2589 1105 -5938 5049
2305 6352 1032 2264 -7847 6306
-3614 11477 1956 4107 -3681 7111
-15064 19725 4838 5576 1272 7844
-12645 17802 5191 3720 2060 5463
-11925 12716 5990 1541 2048 2464
-7247 5476 4658 -422 -285 412
-4349 2733 2028 -1425 -226 -256
-3491 337 366 -2127 1696 -283
-2864 -1377 448 -2120 1615 -469
-1760 -2048 1199 -1529 733 -591
-506 -1905 1629 -1040 34 -611
-4 -2238 1356 -1448 38 -728
547 -2739 545 -2077 390 -941
254 -2992 93 -1840 1178 -1233
-481 -2828 -189 -1193 1336 -1715
-967 -2434 -48 -673 609 -2177
-979 -1806 16 -184 -297 -2614
-1889 -1041 -56 68 -807 -2863
-3073 -342 -1006 395 -1101 -3144
-7112 -407 -1978 890 -1039 -3471
-13993 -588 -531 1900 -1082 -3452
-18326 5449 302 5165 -2143 -3678
-18193 9713 -1075 5161 -2788 -4235
-15942 6883 506 2273 -2701 -5048
-11111 6627 636 2455 -2650 -6011
-6803 5442 -180 2148 -1304 -6319
-3876 3997 -641 2299 145 -5809
-2031 2527 -655 2663 1139 -4663
-1257 1322 -519 2976 1566 -3322
-536 950 -267 3401 1334 -2171
444 1842 -449 3898 1089 -1023
1572 2232 -504 3888 1464 -53
1929 2065 -548 3631 1935 676
2072 1847 -503 3505 2024 1286
2101 1656 -387 3433 1739 1732
1816 1406 -13 3289 1211 2048
1314 1069 266 3063 430 2351
667 774 555 2924 -510 2639
-93 759 878 2923 -1376 2899
-496 1416 991 3118 -2556 3266
484 2616 259 3373 -4031 3909
-4027 6589 206 4072 -3898 4957
-9873 18545 1104 6588 -2439 5475
-10091 20956 6401 5076 -490 3326
-11953 12935 5149 -34 6335 700
-9544 7500 2609 -51 1647 -745
-5538 3954 2163 -1045 -2593 -1071
-3164 2980 1259 -695 -2957 -704
-1058 887 677 -1343 -2116 -520
764 -1160 419 -1606 -947 -550
1251 -1364 -42 -862 1500 -365
797 -1201 229 -661 3412 -292
-32 -1593 765 -1040 3820 -320
-182 -1680 1098 -1022 2698 -328
-277 -1622 1563 -988 1302 -481
-191 -1680 1844 -1193 -231 -741
205 -1667 1767 -1435 -1265 -936
40 -1629 1704 -1577 -1081 -1059
-1202 -1382 -2 -1569 176 -1319
-9749 -2235 -195 -1370 992 -1690
-17032 -1231 2865 316 -121 -2592
-14748 5994 5665 3499 -2855 -3866
-16480 7987 6074 1999 -1225 -4988
-18556 6402 3416 -239 -1049 -5868
-12545 8523 2680 1376 -4226 -6341
-6733 8425 2059 558 -4710 -6349
-2831 5775 584 -249 -3269 -5850
-205 4008 -479 -152 -760 -4964
772 2865 -478 463 1904 -3850
1385 2415 -430 1202 3122 -2955
1952 2884 -537 1886 3403 -1993
2399 2835 -980 2003 3176 -1082
2202 2597 -1312 1976 1868 -45
2700 2007 -905 1532 11 882
2457 1611 -599 1041 -697 1627
1706 1457 -464 819 -711 2437
1341 1379 -54 697 -677 3086
978 1764 141 747 -526 3512
790 2341 62 865 -433 4043
-44 3553 -83 1041 -310 4910
-8943 7166 2720 1902 -168 6354
-12636 15468 5169 4142 261 6839
-13310 18416 5727 3529 4320 4932
-17762 13125 6242 -641 7534 2259
-8514 5163 3400 -1808 2545 124
-6734 1967 2562 -1982 -114 -249
-3456 -356 1859 -2110 -795 -153
-896 -1721 1403 -2074 -1207 62
978 -1568 1019 -1685 -220 377
734 -2913 581 -2261 1532 475
