127 -3816 -521 -3110 1045 -149
1346 -3437 672 -2155 615 -145
1605 -2259 1219 -1675 584 61
2100 -1789 1198 -2548 373 117
2218 -2053 812 -3058 696 -19
1498 -2038 445 -2828 1187 -93
1311 -1997 143 -2676 1289 -267
365 -1916 507 -2347 1827 -483
-1486 -1869 1219 -1741 2300 -672
-4959 -3100 2070 -1254 2426 -734
-12517 -1903 3558 -322 1162 -87
-17933 4575 3403 398 -2510 -746
-13756 11120 8570 326 -5618 -1045
-14224 12652 8203 -1011 -1226 -1517
-9544 7637 5374 -3434 1061 -2427
-4871 5289 3074 -3159 611 -3049
-2689 4102 1927 -2697 1254 -2720
-1143 2703 506 -2519 952 -1965
90 1427 -734 -2464 833 -1234
101 1627 -1102 -2194 1288 -398
-217 2132 -1512 -1794 1392 301
-137 2427 -1619 -1863 548 757
422 2398 -1417 -1824 -802 1217
1236 1990 -1588 -1961 -1906 1628
1928 1502 -1782 -2161 -2323 2045
2269 1442 -2019 -2174 -1690 2450
2097 1248 -2200 -2555 -395 2681
1721 679 -2269 -3149 430 2770
1235 290 -1518 -3314 395 2883
1127 378 -425 -3250 -90 3218
733 501 -72 -3523 -359 4025
-78 -870 58 -4348 -745 5902
-17913 3444 1770 -3231 1125 9208
-18570 28727 5261 1839 5273 8023
-28514 15442 15154 -4339 4039 3691
-10985 6381 4551 -2100 -1272 -1617
-6128 1617 3499 -1289 835 -2507
-2469 -504 4084 -2041 3247 -2675
-374 -214 491 -3509 -780 -2150
7535 -4920 3485 -4004 -3717 -1571
8703 210 367 -131 -75 -436
3819 -427 -935 -1837 4709 -173
684 -933 -963 -2553 3184 104
2755 -1494 1286 -2996 -876 409
2758 -150 1493 -2522 -1442 948
840 1715 56 -2911 166 1631
-2142 1312 -568 -4591 666 1477
-3988 -956 981 -5362 1081 1359
-6701 -598 2424 -4652 3256 1333
-9232 -110 2011 -4326 4719 641
-8540 -1597 1140 -4721 2987 -236
-5981 -2233 993 -3091 877 -737
-4949 -1378 1311 -953 1679 -1115
-8098 -661 1717 142 2962 -1499
-10792 136 2192 1253 454 -1945
-9831 948 2153 2130 -1924 -2974
-12564 1722 2221 2449 -1749 -3961
-11392 2357 2496 2389 -1932 -4858
-13062 1630 3119 1560 -2150 -5225
-9174 1992 2403 611 -3869 -5715
-2667 913 1656 -579 -5618 -5074
2365 -1460 569 -1796 -4399 -3937
2692 -2810 366 -1827 111 -2698
1299 -1035 65 -624 4438 -1432
2857 -75 -549 100 3061 29
3724 1993 -1915 1264 922 1675
3847 3328 -2296 2056 -13 2842
4217 4572 -1615 2815 6 3503
3448 5004 -1078 2815 695 4236
2110 3651 -972 1907 921 4837
1252 3084 -753 1469 750 5430
623 3160 -330 1447 133 5797
552 3155 172 1160 -517 5926
-62 3549 41 906 -958 6263
-6527 6504 1259 1195 -760 7020
-18239 16494 7324 2591 -2050 7928
-12070 20125 12967 2827 -6253 6397
-9385 10114 8789 -302 -5487 2664
-1319 4838 9094 -1596 -2546 621
-1949 2231 7284 -1495 147 901
-352 255 3161 -2033 657 1202
605 -1112 1829 -2359 1276 1716
-119 -1902 120 -1986 1663 1907
318 -2791 -466 -1840 1157 1777
615 -3299 -208 -1750 1155 1355
456 -3246 17 -1408 1386 888
428 -3173 238 -1307 1600 245
313 -3170 285 -1427 1632 -441
50 -3370 534 -1226 1707 -1000
-1043 -3207 1325 -589 1643 -1616
-4277 -1484 3346 392 437 -2045
-8885 1087 9706 1273 -2524 -2043
-12790 7563 15587 1484 -4089 -1894
-13894 11987 15295 -493 -3479 -3003
-13956 10655 13425 -3260 -2113 -4838
-6984 9143 10603 -3240 -2407 -5648
-3756 6545 5802 -3902 -644 -5988
-755 4147 1971 -3483 1718 -5997
1238 2452 -158 -2246 3948 -5399
1886 829 -453 -925 6728 -4613
2624 1037 -789 686 8264 -3335
4500 2681 -1625 1680 8809 -2050
3497 3612 -2008 2071 8370 -597
870 3697 -3413 1855 3630 859
3365 2736 -3666 1011 -3085 2137
3586 1978 -3971 818 -6809 3128
2978 1742 -2803 1700 -6584 3974
3643 2387 -560 2844 -5590 4522
2514 4729 -116 4206 -4265 4966
1681 7144 -84 4929 -3198 5472
892 12546 2931 6635 7 6292
-8315 26099 4144 7544 7134 6627
-19606 21936 4873 3040 10423 4948
-18628 14774 5318 504 5329 2361
-7017 7428 5293 -653 -467 564
-3558 3424 4208 -1601 -617 204
-2006 410 2044 -2370 1499 234
-1688 -1784 773 -2659 3110 323
-1153 -3825 -36 -2942 3321 57
-677 -8396 205 -3835 2535 -400
-442 -7379 1436 -2241 1425 -1019
-112 -4047 2433 -537 -31 -1411
333 -3363 2883 -1785 -1040 -1912
-914 -2402 3376 -2570 -895 -2057
-2781 -15 4263 -2316 206 -2018
-3682 1726 4088 -2860 822 -2477
-3991 986 3464 -3742 2067 -3563
-7917 559 3683 -2879 5165 -3834
