-2033 1739 713 -1743 1295 -101
-1024 786 139 -2394 779 -110
-479 383 -238 -2349 906 -84
-314 340 -448 -2022 1283 -92
-289 167 -550 -1860 1287 -124
154 -89 -536 -1690 873 -161
819 -32 -618 -1317 591 -201
776 183 -723 -978 732 -234
840 385 -1144 -833 487 -289
1443 1068 -962 -669 -65 -480
1782 2049 724 -488 -603 -432
1776 2732 2047 -1670 -1581 540
862 1820 -161 -4576 -1593 3421
-15784 7170 -1481 -4216 320 7302
-17168 13395 2386 1042 -2375 8283
-10662 23597 18261 -327 -3733 6017
-11181 9440 4060 -3671 4152 811
-10732 4283 3120 -3012 6334 29
-8180 -943 2530 -5072 3899 0
-4595 -458 1273 -3898 825 406
-1413 572 304 -2425 -728 927
457 -336 443 -3641 -85 1173
1131 -955 348 -3931 1341 1347
1020 -900 127 -3349 2609 1296
438 -821 55 -3115 3113 1082
105 -1299 802 -3073 2548 739
493 -1621 862 -2779 1444 598
119 -1941 513 -2824 1188 585
-81 -2406 -324 -2991 1606 577
-137 -3412 -1757 -2923 2564 427
-4482 -3177 -1579 -2491 3602 32
-8125 -1125 2093 -1212 2806 -1221
-12899 4263 3014 321 1241 -2863
-15183 6126 1903 425 -382 -4741
-13437 4835 1621 -667 -1243 -6040
-12394 3347 1088 -863 496 -6722
-8663 3107 1629 -272 -762 -6491
-5611 1971 1228 -240 -1487 -5203
-2517 -85 567 -524 -1887 -3775
-540 -1526 -117 -160 -1533 -2100
426 -1353 72 787 -1194 -291
835 -371 895 1793 -1505 1489
1722 1114 1346 2296 -2158 3250
1881 1698 968 2381 -2107 4742
1981 1859 9 2169 -1294 5624
2224 1939 -1495 2216 301 5980
2271 2467 -2160 2207 1972 5959
552 2457 -2006 1430 2633 5699
19 1470 -867 165 1400 5169
-606 1497 -3 -285 359 5128
-1616 2537 207 33 -49 5179
-3165 3761 1122 275 155 4613
-3478 6924 1477 553 1826 3445
-7521 10820 1690 -170 2493 2336
-8496 14340 1649 -1127 2180 563
-9449 11877 1230 -2226 3066 47
-8235 9393 2058 -2631 1845 -212
-6444 7685 2034 -2477 924 -433
-4630 5537 1499 -3090 962 -718
-3230 3708 939 -3322 1154 -783
-2104 1829 258 -3559 1789 -587
-1228 -194 -186 -3565 2522 -389
-595 -811 -371 -3028 2859 -415
-774 -2085 -458 -2743 2539 -613
-203 -2510 -791 -2340 1506 -799
-95 -2579 -947 -1509 692 -972
-322 -2686 -1002 -1285 548 -1289
-1386 -2316 -908 -758 1140 -1597
-3602 -1612 -879 55 999 -1960
-5168 -622 72 538 -921 -2549
-8684 871 452 974 -1644 -3060
-13712 2331 1387 1651 -1546 -3523
-14892 4924 2757 2600 -1576 -3980
-13989 6700 3448 2740 -1607 -4279
-9162 4974 3243 1897 -2496 -4470
-4773 3212 2401 1483 -2276 -4233
-1464 1886 1451 1434 -1820 -3671
683 781 619 1617 -615 -2802
1548 546 361 2080 1016 -1642
1714 1800 1 2712 1468 -638
3095 2840 -401 3030 576 271
4440 3187 -1353 2484 28 1027
4053 2593 -1739 1671 -139 1602
3233 1978 -1424 1084 -481 2419
2683 2372 -1090 1028 -363 3443
1725 3196 -848 1207 74 4156
955 3685 -494 1055 209 4528
654 4110 -767 897 37 4888
-1697 6552 -129 1534 -32 5814
-7906 13808 383 3634 -191 6487
-14132 23179 3520 3996 -148 6285
-15574 17601 6105 1379 3556 3215
-10084 9221 4688 -426 4753 -768
-6269 4731 4245 -1611 1719 -1756
-2855 1728 2700 -2690 19 -1847
-1466 -1325 1647 -3558 -203 -1629
268 -3526 563 -3681 -1349 -1452
2031 -3482 556 -2636 -1140 -1124
2038 -2827 353 -2038 835 -916
1683 -3029 85 -2405 2524 -1139
1744 -3693 191 -2326 2870 -1536
959 -3091 75 -1823 2682 -1627
-426 -2261 26 -1027 1245 -1609
-1160 -1706 445 -736 -966 -1627
-2375 -1000 1761 -214 -2015 -1587
-9404 -97 3224 243 -325 -1648
-18094 2117 5996 944 158 -2066
-20031 8706 7704 2608 -1607 -3365
-17008 9515 7126 415 -2211 -4573
-9770 6701 5191 -1439 -2724 -5028
-5370 5306 2731 -1907 -1571 -5069
-2372 2842 1173 -2081 -462 -4651
-513 1548 320 -989 342 -3828
1422 1463 37 108 1058 -2743
2324 2278 -340 978 1598 -1558
3409 3191 -532 1620 1581 -523
4276 3215 -743 1855 1243 348
3401 3070 -1818 1617 1541 908
2913 2494 -1886 1551 1269 1785
2544 2716 -1366 1364 721 2821
1825 2852 -819 965 259 3681
1241 3016 -308 626 -460 4308
1262 3268 -316 576 -1147 5170
22 5423 -912 741 -1122 6489
-9521 10648 -109 2523 462 7730
-18735 20116 4365 4514 3152 6948
-14891 16089 7642 1705 4616 4011
-13485 9353 4874 -1037 3085 1123
