539 -2664 -366 -2310 631 -596
674 -2142 -10 -2227 1106 -745
679 -1609 219 -2034 1796 -825
266 -1598 560 -1848 2844 -924
-2140 -2064 1031 -1358 4510 -1025
-12275 -1947 649 -568 5628 -693
-22312 2847 5790 2061 1368 -1422
-18083 16874 10111 5333 -2336 -3125
-15390 8905 7057 851 -605 -4081
-8496 5620 4631 -445 -2286 -4323
-4008 5095 2019 10 -2195 -4832
-1607 3659 1371 57 -610 -4390
456 2679 749 713 -365 -3783
2213 2372 279 1207 -515 -2996
3428 3075 -282 1458 -405 -2241
4202 3265 -961 868 -339 -1365
4570 2776 -1795 128 -52 -433
4120 2137 -2336 -202 143 643
2466 2312 -2342 -274 127 2077
1356 2506 -1118 -167 -497 3319
1814 2630 -745 68 -1425 4331
1111 3632 -1242 805 -1411 5283
-3176 5038 -585 1427 -757 6207
-11512 11577 1148 3614 41 7069
-15222 23842 7007 4675 1748 5752
-16182 12473 8969 -544 6819 2742
-11886 7531 3081 -1369 5427 282
-5983 493 2783 -2955 886 -290
-2259 -1117 2144 -2876 31 -128
868 -1714 1672 -1913 -355 243
1972 -2137 742 -2263 878 566
1267 -3214 -76 -2674 1776 552
1034 -4219 -372 -2491 1220 601
1238 -3037 -999 -1018 207 636
951 -3074 -621 -857 -284 469
299 -2964 259 -691 -183 380
-1162 -1705 797 -32 535 510
-3931 -602 539 177 894 270
-8525 611 676 394 414 -639
-12354 2972 4861 860 -370 -1824
-15505 8206 6618 1609 -790 -2690
-14759 9670 6331 355 -889 -3797
-12120 8680 5898 -809 -1781 -4387
-6456 7936 4368 -604 -2822 -4699
-3046 5505 2694 -1067 -1707 -4570
-415 3556 1169 -589 -253 -4172
1166 2073 346 166 723 -3506
1054 1533 149 842 948 -2541
1662 2031 208 1390 -448 -1370
3748 2678 -333 1477 -1871 -362
4043 2794 -1483 826 -1480 425
3293 2524 -2408 -3 -734 924
2604 2155 -2436 -630 -415 1713
1848 2455 -1738 -826 184 2603
1074 3214 -640 -805 563 3365
-481 4030 247 -861 500 4256
-6995 6451 1381 -928 268 5328
-13108 11529 5185 44 -1030 6068
-11027 13732 10014 942 -702 4710
-9984 9077 7006 -574 4185 1748
-10114 3932 3976 -1761 4505 -47
-6134 768 2356 -1763 482 -577
-3364 537 1994 -1493 -827 -378
-2095 -32 1487 -1984 198 89
-1306 -536 977 -2607 1391 455
-1053 -473 743 -2695 2185 726
-392 -453 639 -2680 2012 763
170 -547 505 -2809 1816 684
489 -973 559 -2733 1704 577
688 -877 571 -2313 1502 469
807 -860 574 -2055 1417 366
668 -1069 521 -1914 1559 244
164 -1234 655 -1633 1647 161
-1147 -1491 861 -1145 1743 197
-6147 -2393 1603 -686 2302 578
-18199 3307 4311 1079 1733 682
-15453 16262 6936 2636 -5822 407
-8128 11399 7598 -2545 -6630 -1150
-8944 6620 4127 -5291 367 -1826
-5140 5098 1377 -4208 2923 -2506
-2716 2856 1139 -4136 3497 -2353
-2014 1367 267 -3568 2886 -2086
-522 -6 320 -3150 1151 -1533
-7 631 255 -2177 1010 -821
-517 1007 -177 -1631 1049 -213
348 951 -280 -1800 -489 73
1640 1171 -369 -1630 -1724 376
2432 1310 -698 -1763 -2030 646
2841 1018 -918 -2182 -1648 885
2569 858 -1157 -2462 -904 1164
2007 1030 -1062 -2575 -521 1588
1317 1402 -573 -2830 -585 2030
1129 1525 44 -3273 -986 2672
734 1713 319 -3735 -1400 3882
-2386 3428 -573 -3984 -857 6162
-19952 8035 137 -2515 674 8192
-20305 18572 12930 1605 -1308 6985
-17391 9887 12208 -1101 5437 1328
-9211 3421 8202 -4197 4579 -511
-4221 3241 3970 -2182 -2527 206
-2547 -772 1244 -1862 -1654 1047
-41 -3723 -1121 -4369 -1099 369
2577 -2064 -1234 -1123 -362 988
2961 -546 -1351 -469 1579 1401
1916 -1121 -1475 -1900 2902 1261
1624 -1502 -1077 -2096 2481 1113
1554 -1275 -269 -1968 1428 1197
1245 -1035 245 -2160 838 1283
869 -810 762 -2346 615 1424
-450 -209 1676 -2160 338 1743
-3224 857 3365 -1995 155 2306
-5656 4334 2097 -1950 2167 2600
-11998 8071 -760 -1950 4450 2022
-7767 7295 3906 -1060 4707 1978
-9352 5058 6651 -1739 4450 1026
-5701 2000 4853 -1779 1812 -198
-5444 -987 3112 -2234 1769 -234
-3172 -2976 2223 -2057 1662 -184
-4029 -3123 1643 -323 1540 -750
-2414 -1087 1490 291 -185 -2055
-343 -991 1165 -722 -981 -2885
-270 -1647 1124 -802 129 -3202
-4587 -1388 153 242 2039 -3048
-16254 -1300 -694 505 480 -2718
-15867 2216 1331 2288 -5289 -2628
-10703 9636 1187 3614 -6607 -2647
-5350 4475 1925 -37 -3405 -1904
-5037 1683 974 -527 318 -2349
