812 1438 62 597 -389 2898
412 2789 586 669 -830 4002
-4437 5295 1959 770 -1923 5739
-12576 13226 8128 1898 -4729 6472
-6821 16768 14033 1346 -6655 5198
-6253 7722 7806 -1613 -1980 2123
-2246 4063 4554 -2213 1761 -848
-1517 2988 3116 -1211 4333 -1608
-1502 1446 1726 -1357 5078 -1626
-814 150 1121 -1505 3910 -1204
-211 -319 1263 -1210 2658 -571
-214 -137 1274 -867 1742 -25
119 -422 1086 -1097 672 458
136 -718 1107 -1161 218 808
-79 -470 1166 -928 353 1065
-215 -322 1261 -894 753 1131
-373 -162 946 -921 1419 1074
-1346 -154 956 -944 1875 889
-2099 -55 1720 -889 1515 581
-2986 699 2798 -640 1227 325
-3922 2170 3311 -542 1534 157
-5337 2850 3228 -985 1651 94
-7354 3818 3717 -1015 1660 60
-7711 5157 4046 -1000 1129 -256
-7504 5952 4100 -1637 396 -827
-7270 5860 4176 -2409 -194 -1092
-6681 5551 4210 -2795 -695 -1236
-4925 5466 3896 -2852 -1402 -997
-3929 4686 3180 -3058 -1390 -697
-2941 3479 2706 -3051 -775 -397
-1986 2416 2085 -2848 63 -275
-1677 1672 1441 -2712 1385 -103
-1702 1119 984 -2601 2157 65
-1508 819 521 -2485 2122 310
-1337 635 238 -2351 1700 572
-1100 613 178 -2271 1261 849
-776 485 -16 -2307 881 1047
-311 366 -142 -2406 269 1207
302 -7 -185 -2450 -169 1302
706 -221 23 -2187 -590 1428
673 -1 305 -1774 -824 1532
451 14 532 -1717 -1078 1721
-14 174 884 -1707 -1460 2060
-2388 728 1367 -1488 -2203 2665
-7248 2954 2146 -1110 -3968 3356
-7459 5807 4677 -1251 -7470 4078
-2134 7681 7628 -1943 -7839 4379
-1804 10714 6956 -1863 -859 4450
-6834 6928 2916 -4880 7894 4551
-8009 4076 1797 -4698 8668 4277
-5300 2051 2022 -4350 6709 3838
-3758 1025 2078 -4240 6284 3261
-3503 673 2647 -3777 5534 2851
-3442 775 2511 -3317 3457 2640
-2626 393 1895 -2978 1416 2688
-2366 73 1628 -2376 5 2853
-2212 -115 1782 -1959 -678 2880
-2200 -249 2000 -1762 -680 2759
-2209 -73 1992 -1568 5 2554
-2658 -7 1628 -1542 1234 2237
-3333 -420 1390 -1753 2276 1821
-4304 -427 1434 -1716 2562 1468
-5168 13 1609 -1611 2046 1045
-4693 42 1756 -1666 1140 577
-4142 71 1739 -1648 722 247
-4347 77 1733 -1602 1117 -86
-5111 255 1873 -1475 1397 -345
-5406 936 2136 -1144 1244 -704
-5260 1406 2127 -1007 945 -1231
-5802 1241 2541 -1058 926 -1817
-6367 1431 2733 -761 684 -2387
-6664 1724 3090 -458 7 -2675
-6570 2230 3056 -218 -868 -2741
-5691 2317 2859 -187 -1499 -2644
-4637 2215 2671 -118 -1418 -2407
-3713 2020 2335 -28 -896 -2007
-2904 1450 1907 8 -382 -1491
-2199 838 1401 134 -44 -946
-1549 740 988 394 223 -281
-823 804 702 721 421 428
-521 769 568 1015 525 1039
-296 782 381 1225 259 1617
187 907 209 1467 -294 1996
481 1190 94 1748 -981 2269
527 1587 188 1884 -1466 2364
621 2143 144 2010 -1770 2397
597 2530 259 1984 -1909 2406
591 3419 376 1907 -2010 2529
-1686 5340 798 1871 -2016 2867
-5639 9477 3717 1892 -1505 3155
-8647 14200 6586 1181 110 2900
-9963 11655 6395 -1046 3118 1357
-9553 6551 3990 -2258 4339 -82
-6691 3821 3273 -2591 2987 -794
-4216 2610 2995 -1944 2230 -949
-3167 1222 2239 -1975 2251 -735
-1331 -593 1162 -2280 1292 -307
-96 -2157 926 -2011 1090 35
192 -2578 1220 -1396 1459 168
337 -2462 1301 -1118 1054 66
656 -2137 985 -1065 467 -189
752 -1766 555 -1065 395 -468
566 -1599 435 -1017 814 -727
-719 -1556 392 -825 1424 -959
-1809 -1163 282 -565 1078 -1179
-4130 -61 793 -242 217 -1430
-9796 886 1979 21 -832 -1721
-12714 3618 4049 998 -2203 -2080
-12449 6550 3597 2089 -1373 -2997
-13929 3992 3111 732 324 -3487
-9325 3503 2795 1548 -1550 -3501
-5300 3603 2341 2249 -2318 -3173
-2731 1688 1437 1581 -1401 -2715
-156 790 485 2013 -546 -1954
475 499 87 2374 502 -752
812 1100 -102 2519 885 224
1591 2104 172 2926 343 958
2535 2357 10 2632 -138 1423
2197 1865 -397 1694 -289 1686
1991 1449 -553 1198 -945 2040
1706 1651 -245 1053 -1373 2508
1138 2359 91 984 -1171 2993
1324 2887 -328 880 -1023 3526
-450 3120 -427 631 -263 4098
-7588 5880 3444 1319 2349 4396
-17573 13511 -1540 1951 9054 2564
-12145 10260 -1060 -1068 9674 1330
-9074 10118 407 -984 5409 -593
