-12805 7631 4372 -739 841 -4067
-9578 7180 4123 -185 -1248 -4434
-4907 5246 2931 -255 -3096 -4176
-519 3303 1563 -491 -2898 -3713
1736 1507 316 -233 -1517 -3029
3193 623 -298 530 359 -2145
4469 1523 -790 1283 1834 -1147
7336 2719 -2611 1468 3372 37
5870 3249 -3026 423 4838 1625
2672 2937 -3507 -1008 2972 3096
4403 2821 -2827 -949 -1810 4903
2928 3828 -1375 -54 -3227 6368
676 5058 728 1078 -2539 7176
-2517 8509 3461 2602 -3279 7848
-5682 17403 5355 4727 -3804 7351
-6468 19134 2902 5050 -2092 5590
-9758 19885 9385 3279 -2822 4047
-7136 9571 7437 -517 -2488 736
-4645 6219 7586 -1973 -2310 -136
-2478 2233 5047 -2797 -1260 -490
-2343 -1026 1783 -3795 488 -710
-1134 -3583 615 -3463 631 -797
376 -4100 573 -2419 733 -539
-294 -3504 121 -1765 1566 -562
271 -3475 -154 -1867 1056 -927
431 -2714 -208 -1492 660 -1091
340 -2043 127 -1199 871 -1112
265 -1584 553 -956 1551 -1141
-593 -1013 1395 -565 2628 -1229
-4015 484 2955 15 3412 -1407
-12344 4218 8701 667 1346 -1548
-13996 11976 9839 592 -3373 -2414
-11368 11914 10859 -2122 -5436 -4195
-9873 8418 9697 -3777 -3174 -4843
-5480 7337 6752 -3769 -2825 -5235
-1088 4205 3708 -4096 -1508 -5264
855 2441 748 -3625 1001 -4979
959 922 -90 -2133 3325 -4238
763 570 2 -539 3741 -3154
1617 1793 -48 575 2087 -1903
3290 2956 -1643 1306 17 -414
3455 2947 -3299 1448 -29 621
2932 3103 -3275 1639 458 1344
3590 3182 -2685 1942 521 2466
2550 3037 -1930 1625 1200 3820
1433 3477 -1308 1536 1439 4932
1073 3925 -822 1552 1021 5828
-2278 4888 -292 1513 1068 6649
-12671 11481 3591 2632 1108 7330
-15962 17665 8891 3464 -831 6496
-9238 17999 12341 2075 -1693 3944
-7501 7965 7381 -1846 1899 760
-7041 2940 3858 -2260 3386 -806
-4580 1139 1400 -1885 2595 -1032
-1974 354 1002 -2046 1711 -688
-375 -922 -66 -2056 913 -223
475 -2247 565 -2263 1044 289
99 -1486 601 -980 1746 655
-40 -946 599 -506 1717 662
3 -1866 1409 -1215 861 126
863 -2758 1263 -1777 -219 -476
1611 -3225 1278 -1844 -344 -910
928 -2579 729 -1563 457 -1120
-818 -3122 928 -1520 1382 -1172
-7858 -4436 3564 -1010 3101 -778
-29445 1882 3355 204 4509 -983
-25429 12888 7380 1917 -3874 -2827
-5785 13687 6849 -394 -7934 -4427
-3046 4367 3085 -5100 207 -5718
-2663 3723 37 -2563 6045 -6136
-1064 2013 36 -616 3645 -5748
249 2451 757 1836 1589 -4683
-605 3464 1856 2732 1019 -3581
2403 2293 427 1595 -565 -2310
3816 2130 -978 2072 -137 -726
3872 2112 -1498 2196 724 735
2440 1686 -1431 1565 943 1882
1825 1831 -1036 1551 534 2876
1165 2041 -545 1370 98 3673
518 2019 -13 840 -182 4213
275 2249 456 495 -796 4916
-145 2999 -371 214 -1115 6118
-7752 5790 854 573 -225 7159
-19060 15519 6415 2468 -29 7223
-13281 14824 7363 1297 -1427 4258
-6915 10195 6813 -1341 -2483 1438
-3735 3664 4859 -2594 -978 -538
-2229 1272 2615 -3116 1696 -871
-594 302 654 -2668 3539 -882
-285 -143 -84 -2852 4913 -553
-641 -426 -475 -2818 4908 -325
-212 -1166 -340 -3034 3789 -242
34 -1058 115 -2879 3034 13
-200 -641 290 -2453 2402 238
-412 -556 528 -2582 1430 449
-263 -710 645 -2628 553 640
-410 -783 682 -2406 -22 864
-568 -997 803 -2031 -555 1033
-929 -1307 2422 -1492 -1600 1256
-7253 -153 3999 -537 -3414 1621
-7193 3844 5036 495 -5396 1351
-5945 4710 4088 -279 -5664 432
-6952 12431 9064 656 -3291 129
-6896 9490 8934 -1082 -1585 -1070
-7591 7808 6826 -2484 653 -1705
-5543 6667 5279 -2522 129 -1652
-3364 5158 3301 -2970 17 -1307
-2532 3573 1819 -3155 956 -848
-2077 2134 1112 -3077 1589 -360
-1378 1279 717 -2761 1960 24
-906 1020 342 -2313 2360 423
-419 940 93 -2032 2487 735
63 742 74 -1901 2367 934
-191 797 173 -1723 2141 1024
-264 1127 491 -1713 1271 1029
493 1382 472 -1974 17 856
1434 1792 -333 -2714 -938 611
1989 1767 -1202 -3389 -1263 481
2745 1308 -1793 -3772 -1546 584
2234 3 -860 -3935 -1369 1139
-3993 401 1304 -3618 -1185 2047
-12046 3927 5160 -3195 -2432 4072
-15139 6577 9353 -3454 -4368 5854
-7429 9894 11788 -2243 -2914 6055
-7270 5421 7939 -2818 5133 4345
-7720 216 3694 -4650 8629 2120
-5328 -2649 1793 -3329 5023 1458
-2119 -3613 2118 -2351 1315 1875
