-5330 4946 4599 1751 1971 1809
-3971 5253 4588 758 1450 1463
-4843 5300 2994 41 2244 1003
-5605 5714 2242 -32 1556 409
-4570 5513 2284 -115 -456 -530
-4221 4949 2441 -147 -1833 -1188
-3047 4944 2306 -207 -2989 -1691
-1775 4394 2272 -393 -3596 -1873
-1607 3436 2484 -611 -2536 -1861
-1509 2354 2072 -861 -1113 -1727
-1347 1247 1519 -1092 268 -1530
-1299 488 1062 -1094 1164 -1391
-1470 6 756 -930 1631 -1346
-1440 -102 706 -671 1645 -1437
-1346 -64 691 -358 1705 -1521
-1401 -146 823 -218 1484 -1536
-1222 -7 947 -87 930 -1487
-1026 44 1001 -18 887 -1449
-1348 -117 892 -32 1307 -1405
-1961 162 462 70 2353 -1462
-6256 1021 -396 292 3111 -1675
-7387 1489 179 690 979 -2013
-6151 2919 1210 1240 -841 -2446
-7212 2890 1358 873 -89 -2737
-8416 2716 909 561 545 -2747
-8342 2457 809 576 579 -2496
-8068 2661 729 773 13 -2088
-6289 2715 562 857 -626 -1661
-4464 2075 519 869 -798 -1138
-3131 1586 507 973 -702 -605
-1833 1343 272 1084 -850 121
-942 1238 -124 1160 -938 781
-10 1376 -651 1331 -886 1361
86 1716 -883 1677 -904 1840
970 1489 -916 1775 -1634 2145
1993 1831 -651 2196 -2243 2441
1770 1940 -574 2501 -2466 2672
1750 1611 -603 2473 -2589 2711
1626 2273 -477 2891 -2294 2921
1190 3043 -415 3187 -2017 3215
-153 5250 -266 3423 -1971 3858
-6250 11149 2529 4658 -2566 4690
-8712 21240 6393 4607 -3160 4424
-9280 17514 9588 1396 -1324 2569
-7325 11799 5086 -1444 3009 242
-6643 5875 2971 -2621 4039 -540
-3551 2090 1882 -3131 2503 -513
-1682 -133 1306 -2698 2061 -238
-700 -2211 849 -2455 2078 12
54 -3756 879 -2349 1840 116
611 -4663 1494 -1874 1361 146
711 -4715 1188 -1742 930 -73
717 -4047 143 -2232 736 -606
609 -4242 -465 -2505 780 -1024
-76 -3471 -315 -1697 939 -1389
-1206 -2253 507 -683 1279 -1715
-4912 -841 1273 -272 1773 -2152
-11490 -162 1783 126 810 -2639
-18244 4579 6340 1784 -1733 -3403
-16825 12072 7235 3129 -2334 -4899
-17577 7759 6391 -408 -976 -5801
-12384 8399 4985 -581 -2193 -5981
-6127 7092 2589 -1027 -3026 -6046
-2329 4410 716 -1696 -1691 -5620
333 3310 -620 -806 -358 -4616
721 3159 -1526 -9 868 -3401
3114 3079 -1608 499 399 -2123
4757 3711 -2415 1159 -122 -471
4654 3292 -3324 1302 -208 825
4349 2633 -2994 1407 -404 2076
4279 2730 -2335 2007 179 3299
2700 3211 -1590 2189 946 4515
1532 3595 -1119 2104 750 5322
975 4347 -939 2109 473 5755
-224 5864 -525 2460 280 6316
-6342 11361 1800 3645 447 6923
-12634 21778 3241 4417 408 7004
-18237 23027 8971 2652 -384 5173
-10260 13401 7434 50 1603 1593
-9878 7060 4361 -1942 4764 -299
-5956 1765 2601 -3031 2393 -679
-1889 -1521 1948 -3172 1128 -222
-27 -3209 1195 -3019 934 206
977 -4206 335 -3245 1247 309
817 -4793 -127 -3202 1657 113
670 -4895 -450 -2652 1373 -375
837 -4485 -553 -2338 920 -853
787 -3683 -486 -1943 698 -1390
412 -2721 153 -1471 789 -1650
-1125 -1787 623 -1051 1320 -1741
-2575 -1092 1276 -609 1821 -1774
-7407 -872 1319 -269 1687 -1667
-14251 839 3538 435 1072 -1788
-20953 9324 5598 2587 -123 -2231
-17786 13373 6139 1677 -907 -3479
-13508 7783 5427 -1298 532 -5063
-6978 7199 2913 -549 -240 -5688
-2963 4772 1341 -839 -326 -5390
-773 2906 165 -326 -474 -4630
800 1656 -895 311 -907 -3759
1609 2661 -1025 804 -924 -2832
4239 3886 -1736 996 -2058 -1727
5822 4170 -2423 1105 -2372 -539
5241 3604 -3661 602 -1485 731
4352 2810 -3668 470 -1160 2328
3436 3342 -2830 1226 -642 3853
2134 4147 -1735 1870 -301 5084
1362 4404 -1035 2087 -556 5776
-438 5257 -502 2347 -717 6860
-6549 10771 2396 4135 805 8129
-17986 22315 4302 5000 2955 7706
-18365 19359 10381 1761 922 4995
-8726 10049 7436 -863 1320 606
-6838 4571 3546 -2711 3633 -594
-4145 585 1414 -3659 2570 -843
-1849 -1355 250 -3782 1576 -648
385 -2355 152 -3586 703 -372
1782 -2815 -172 -3668 1064 -127
1416 -2998 -7 -3187 2151 109
1125 -2858 938 -2851 2357 24
1399 -2551 911 -2844 1870 -164
1302 -2617 462 -2858 1868 -311
600 -2109 -264 -2617 2143 -483
-1276 -1783 -573 -2192 2409 -692
-5549 -1637 -79 -1452 2035 -1043
-12364 654 3558 -477 694 -596
-22375 8859 7631 2121 -1213 -237
-19194 21871 7272 2313 -3865 -1431
