-16632 19558 9009 5253 839 5679
-12352 11860 9021 2010 754 2615
-9330 5383 4385 -410 3005 459
-5753 666 2885 -1545 2034 30
-3029 -1626 2192 -1778 1248 167
-993 -3008 1602 -1124 1032 270
-247 -4458 1845 -1339 834 24
-526 -4629 2055 -977 345 -502
-257 -3907 1719 -415 -531 -969
-121 -3320 947 -544 -973 -1540
-352 -2857 385 -587 -893 -2069
-932 -2422 -205 -334 -829 -2434
-2061 -1865 -83 -66 -772 -2792
-5503 -1239 -232 585 -694 -3067
-13413 -1266 1608 1318 -1411 -2926
-20143 4938 3656 3762 -2181 -3453
-20335 13175 3857 4512 -2486 -4548
-16912 7656 4505 570 -3791 -5362
-9713 7872 2500 39 -4481 -6154
-4503 5992 801 -794 -2660 -6224
-352 3551 -541 -853 -686 -5685
837 2989 -474 178 1256 -4679
1384 3134 -670 1149 2308 -3754
5668 3737 -236 1418 2106 -2548
6502 4316 -626 1813 4378 -1008
5473 3085 -669 870 5620 799
3846 2684 -563 371 4463 2646
2147 3211 -890 145 2837 3981
387 3574 -553 -192 759 5026
-1043 3631 -102 -261 -1024 5872
-6744 4772 -1054 -33 -1880 6458
-15429 7741 -2160 904 -702 5814
-15688 14705 1894 2412 -330 5054
-13793 8585 4456 -311 1141 2085
-9843 2807 964 -1186 494 -383
-5299 -1296 949 -2001 -1391 -680
-2160 -997 1343 -1224 -1376 -1109
-649 -682 1299 -257 -1399 -956
1157 -1611 1411 -848 -1980 -875
1626 -1870 1286 -874 -1393 -887
1095 -1531 1327 -148 -656 -906
936 -856 1365 229 -906 -858
1420 -1004 1204 85 -1159 -791
974 -1048 782 145 225 -769
183 -796 110 407 1895 -726
-1894 -928 -1714 492 3661 -704
-12762 -373 -5065 494 4414 -283
-21595 688 -4649 1370 -1036 -329
-16222 8780 -1306 5318 -5236 -1889
-12872 10728 2391 3947 -1706 -2599
-8852 5455 1927 704 -672 -3338
-5270 4081 -147 856 -85 -3835
-2593 3185 -606 1182 467 -3596
-679 2611 -502 2019 575 -3100
215 2450 -319 2540 432 -2571
1115 2712 228 2846 -360 -2193
2851 2667 536 2695 -1191 -1693
3640 2423 290 2246 -1350 -1206
3781 1694 130 1653 -1085 -693
2903 1086 185 1212 -820 -42
1838 1286 169 885 -1242 793
1325 877 -162 821 -2292 1771
256 187 -1065 560 -3180 3547
-9501 3078 -560 1480 -4620 5950
-11756 12971 10256 4637 -6123 7068
-13407 11824 10925 3252 -2667 4044
-8659 4585 6052 -831 1373 -136
-4458 2351 2936 -303 1467 -1446
-2597 459 2277 -745 1967 -1726
-1781 25 1804 -487 1756 -1521
-402 -218 1670 -295 727 -1318
192 -732 1159 -513 190 -1103
264 -937 711 -573 -210 -961
612 -822 725 -415 -489 -890
334 -900 726 -287 -8 -897
-816 -1344 933 -346 876 -1191
-2910 -1383 686 -225 1650 -1583
-5538 -2231 882 49 1561 -1896
-9125 -1625 2510 568 665 -1716
-11266 1516 2513 1055 -1072 -1360
-9360 2976 2991 503 -2695 -1475
-6482 3379 3563 -413 -2588 -1761
-4420 3314 2782 -612 -955 -1903
-2929 2324 2154 -758 767 -1824
-1948 1734 1832 -440 1565 -1640
-1100 1786 1471 14 2099 -1330
-1649 1408 1047 129 2606 -857
-1201 995 952 281 2084 -381
-876 1027 668 362 1780 59
-1507 774 397 65 1681 504
-1327 721 353 -116 749 872
-1556 809 456 -254 67 1250
-1865 761 928 -493 -344 1532
-3082 817 1068 -867 -547 1773
-5074 851 1204 -1599 -537 1968
-6232 549 2036 -1591 -1171 2186
-5835 1676 2153 -720 -2138 2346
-6013 1411 4392 -1296 -1898 2702
-8520 1962 4874 -2051 -662 2592
-5954 832 3195 -2248 -1342 2099
-3754 590 2491 -2152 -1855 1493
-2521 1451 2566 -1201 -1751 995
-1305 1765 2385 -319 -1191 547
-545 2138 2286 89 -370 419
-659 2524 2027 381 523 751
-2229 2903 1965 179 1425 1260
-3178 2877 2193 -163 1495 1556
-2704 2537 2213 -578 1107 1698
-1766 1980 2499 -1020 652 1827
-1711 1955 2481 -1412 621 1913
-2358 1601 2076 -1930 733 1924
-2466 1262 1898 -2132 476 1934
-2551 1161 1794 -2094 429 1909
-2911 1121 1915 -2129 569 1811
-2955 949 1944 -2081 396 1637
-2379 727 1922 -2009 88 1482
-1932 614 2203 -1854 178 1319
-2011 352 2355 -1748 810 1211
-2414 246 2437 -1631 1423 1243
-3475 157 2624 -1390 1893 1265
-3999 -316 3224 -1115 1737 1026
-3298 -299 3454 -348 1287 576
-2924 -4 3464 383 1106 104
-2953 -129 3279 202 733 -239
-2487 -575 3218 -214 92 -605
-3286 -832 3090 223 429 -792
-4291 -339 2638 954 758 -1005
-4909 -500 2546 896 561 -1209
