-9157 3806 6255 163 -457 1287
-6734 2133 5077 -261 -1534 337
-4585 1936 3589 -108 -1474 -82
-3543 859 2576 -520 -788 -132
-2069 191 1757 -485 -1008 -286
-1133 -223 1369 -254 -767 -242
-508 -476 934 -22 -550 -146
31 -757 738 118 -341 -43
181 -987 694 325 -66 -68
376 -1186 722 552 -25 -85
368 -1210 787 649 180 -172
-513 -988 586 625 708 -265
-1759 -1026 878 432 979 -357
-3490 -639 1618 593 641 -663
-5491 -271 2847 766 152 -1093
-8840 114 4679 702 587 -1340
-14888 2591 5496 999 1856 -1804
-15412 3990 6955 974 367 -3153
-10180 4381 6456 412 -1447 -4084
-7890 3727 3995 -326 19 -4257
-4845 2407 2234 -567 535 -4227
-2608 1661 1166 -84 1000 -3804
-1108 1081 245 233 1403 -3087
-721 627 -167 528 1564 -2068
65 845 -419 1072 724 -1325
1123 1855 -539 1774 -236 -822
2113 1769 -902 1886 -887 -338
2392 1256 -918 1748 -1316 -66
2367 1768 -913 2138 -1229 266
1806 1935 -645 2285 -830 709
1317 1714 -193 2192 -917 1154
1011 1987 261 2423 -1372 1791
1033 2307 871 2599 -1697 2660
-1108 4342 956 3030 -1205 3874
-12394 10520 4664 4386 143 5316
-15560 16096 12382 4337 -2365 5481
-8674 12598 12674 1597 -4579 2757
-5529 7105 7539 -695 -914 703
-6139 4814 4744 -1165 2151 583
-4899 1918 3083 -1748 1986 1170
-2485 -186 1384 -1648 385 1258
215 -1480 507 -1302 -138 1709
1387 -2846 629 -1021 739 2085
657 -2920 460 -468 1635 1658
357 -3514 106 -978 1487 1415
575 -4414 -261 -1252 579 738
926 -4431 -178 -829 -129 -2
909 -2852 225 -8 -248 -584
674 -2253 650 -210 -146 -896
-237 -2021 1678 -379 474 -919
-5052 -1117 3498 199 2389 -653
-16247 12 5599 310 3367 -1282
-18410 4289 7616 738 -1439 -2944
-12990 7472 9416 586 -3478 -4960
-13358 8432 8668 -431 -95 -5796
-8609 6239 5649 -829 -1553 -5961
-5966 4572 2995 -1137 -852 -5736
-3345 3544 1752 -757 -425 -5098
-1712 2677 893 -371 -69 -4202
-733 2369 292 -95 177 -3195
-245 2605 -346 59 447 -2341
905 3413 -1268 138 364 -1739
2576 3127 -1842 281 24 -1212
2780 3332 -2128 177 2 -655
3123 1968 -1931 -542 -156 268
2354 1978 -1451 -204 820 1532
779 2749 -1613 251 1727 2721
697 2115 -1099 113 830 3554
1244 1336 -586 562 -167 4361
-770 1893 374 1255 84 5845
-6970 4549 3770 2744 833 7574
-14876 12937 4940 4617 2541 7373
-18454 14935 5920 3400 2479 5209
-11970 14074 10288 1269 -2849 2720
-7621 5994 6458 -1488 147 678
-6895 1798 2814 -2870 2872 554
-4355 -594 1165 -2682 1733 435
-2017 -1246 1054 -1838 600 354
-115 -1911 770 -1618 14 369
961 -2346 452 -1687 281 302
1124 -2308 277 -1463 882 275
906 -2072 45 -1292 1083 115
958 -2247 -46 -1236 572 -135
1208 -2408 136 -1000 -209 -430
1322 -1923 253 -743 -552 -636
1201 -1531 457 -674 -492 -734
331 -1678 850 -631 -111 -676
-2720 -2795 1602 -453 369 -296
-11278 -2262 2302 295 944 753
-23116 6046 6654 2788 -1749 -460
-14836 16713 9127 3985 -7963 -2810
-5543 8848 9568 -810 -4857 -4677
-6643 7063 5439 -1460 2648 -4866
-5335 5361 2779 -1946 3644 -4555
-2180 4014 1921 -1472 1352 -4113
-291 3014 1520 -1400 287 -3530
599 2328 731 -1240 -332 -2888
1297 2049 109 -1020 -687 -2124
1497 2236 -761 -636 -282 -1469
1548 1977 -1160 -518 3 -819
1608 1598 -1460 -568 -225 -217
1582 1524 -1514 -554 -458 401
1239 1617 -1598 -550 -403 1109
1036 1524 -1568 -643 -503 1759
1106 1560 -1119 -412 -784 2226
1389 657 -883 -40 -866 2794
176 337 -470 194 -438 4161
-1200 2744 1876 2250 305 5779
-6879 9019 4779 5057 2963 7467
-17200 13443 6328 4611 3295 7008
-17931 16124 4094 3793 -5155 4748
-11 16775 8947 3814 -9171 1032
-7708 7228 6117 -533 2631 -83
-7938 1738 4063 -2307 4832 -675
-4072 1148 2705 -1308 232 -732
-2087 423 2139 -1141 81 -779
-50 -965 1728 -1040 -848 -666
1582 -1357 1082 -684 -1154 -536
2071 -1315 1016 -308 -538 -360
1530 -1122 494 -15 -63 -341
961 -1692 264 -104 -378 -505
984 -2086 256 136 -1047 -721
760 -2041 647 611 -1384 -884
369 -1908 987 750 -1276 -960
-476 -1890 1257 648 -817 -1014
-3334 -1366 1282 690 16 -1092
-8964 -1060 1070 660 126 -1553
-13669 27 4270 1263 -2254 -2544
