-216 -1810 230 -1070 -350 -1219
-548 -1375 869 -807 -783 -1561
-2525 -630 1502 -651 -495 -1831
-6059 -776 2808 -540 -177 -2159
-12350 1033 4399 84 175 -2456
-15798 6788 6561 1453 467 -3056
-13296 8257 6616 988 1452 -4277
-10357 7462 5453 180 2386 -4704
-6567 5834 4180 -277 1018 -4474
-4043 4461 2626 -772 271 -4086
-2371 2671 1396 -709 204 -3401
-466 1547 666 -501 -206 -2492
-93 1143 -11 -7 -891 -1348
986 1420 -567 393 -2076 -615
2812 2741 -1269 1026 -2809 40
4085 2881 -2091 979 -2180 437
3662 2307 -2097 559 -1021 724
2340 2005 -1637 239 -277 1396
1619 2225 -1043 -183 -214 2370
1600 2455 -187 -479 220 3343
1135 2902 187 -653 1136 4250
-6908 4322 1423 -633 2024 5263
-17973 10873 6780 347 1500 5949
-13463 15133 9310 843 1544 4551
-13527 7418 6862 -1833 5050 2259
-8156 4195 4578 -1942 1522 1021
-6827 1975 2117 -2123 581 510
-3899 -861 638 -3064 784 122
-970 -1807 -250 -2668 -81 220
1163 -2392 -327 -2381 -451 621
1649 -2933 -364 -2496 -54 862
1505 -2971 -165 -2264 315 853
1600 -2688 155 -2027 106 809
1353 -2266 541 -1877 109 732
804 -1872 980 -1668 405 689
506 -1264 1419 -1375 649 624
311 -638 2495 -939 2124 302
-4842 1146 2412 -738 4756 -528
-9918 347 1668 -1242 4842 -1434
-13535 3058 2475 351 3151 -1880
-16310 5553 2387 1065 1676 -1783
-12733 6457 1718 -256 -17 -1973
-10180 4827 1522 -877 -501 -1882
-7038 4006 1793 -1217 -2236 -1854
-4704 2865 1815 -1349 -3086 -1671
-2072 2055 1519 -1538 -3474 -1549
-430 1886 1118 -1555 -3139 -1292
539 1773 636 -1697 -2554 -899
941 1386 121 -1917 -2163 -527
1105 1295 -370 -1944 -2016 -141
1637 1344 -763 -1994 -2005 374
1763 1489 -756 -1983 -1717 924
1392 1478 -449 -2039 -1409 1426
792 1994 -287 -2087 -1339 2016
570 2243 146 -2159 -1459 2633
229 2312 677 -2064 -1148 3524
-2913 3990 1199 -1538 626 4604
-9159 7010 3293 -1192 2304 5535
-10710 9599 5110 -1117 2622 5638
-12012 7262 5259 -2063 3829 4556
-10704 4961 4316 -2472 3553 3598
-9072 3545 2740 -2422 3012 3022
-7714 1356 1783 -2847 2798 2847
-5475 341 1461 -2757 1830 2741
-3674 -167 1242 -2613 1152 2777
-2221 -901 851 -2621 755 2848
-1187 -1256 581 -2540 837 2901
-802 -1476 514 -2434 1233 2784
-497 -1372 407 -2363 1420 2574
-457 -1104 316 -2363 1359 2288
-380 -1028 352 -2346 1155 2013
-383 -953 381 -2266 958 1702
-362 -826 557 -2172 877 1415
-392 -691 486 -2122 1056 1230
-2593 -475 421 -2115 1777 1094
-6578 -529 1167 -1900 2026 867
-9983 765 3389 -1180 1603 450
-12366 4780 5668 -245 2040 -797
-9986 6009 5799 -895 2139 -2180
-8781 3505 4540 -1714 2023 -3305
-8849 2077 3854 -1217 1331 -4336
-8163 2700 4500 -396 267 -5064
-6879 4077 4845 408 -1351 -5099
-4802 4426 4070 339 -2571 -4476
-2764 4004 2744 1 -2939 -3728
-1139 2650 1512 -348 -2462 -2787
157 1495 687 -245 -1712 -1841
819 787 322 39 -736 -771
1404 1003 287 440 -174 266
1424 1810 -37 660 192 1105
1379 1747 -683 373 215 1816
1473 1385 -1005 329 -214 2415
983 1582 -928 623 -550 2863
488 1767 -284 1083 -836 3158
953 2062 615 1356 -1287 3421
2375 3234 671 1750 -971 4061
-885 5768 1101 2304 1988 5091
-12799 11236 2234 2645 4078 5889
-13034 17391 4768 2374 362 5256
-7566 12525 7298 242 -360 3047
-7182 7698 5352 -1277 2786 1638
-5576 2588 1503 -2287 3197 1021
-4693 85 -372 -2470 4188 907
-4293 -2378 -260 -2395 4193 938
-2296 -3394 794 -1689 2290 693
-760 -3638 1148 -1399 1129 195
-215 -3141 614 -1505 760 -242
-181 -2635 415 -1388 330 -596
-681 -2107 745 -1182 82 -852
-1139 -1295 1443 -856 57 -1107
-2009 -352 2361 -577 184 -1472
-4774 1390 3346 -382 718 -2063
-7409 2701 3878 -415 628 -2859
-9810 3344 4336 -366 -39 -3380
-12508 5580 4287 237 171 -3819
-13157 7018 4581 325 -960 -3930
-10123 7808 3939 180 -2170 -3880
-6634 5259 2406 -747 -1868 -3678
-3946 3254 1255 -856 -1446 -3283
-1294 1890 769 -365 -882 -2724
18 812 639 202 341 -1861
215 453 312 745 940 -932
802 852 -144 1164 447 -239
1935 1515 -687 1512 -266 379
2419 1607 -1149 1441 -647 820
2336 1552 -1326 1354 -1068 1082
1780 1327 -1049 1250 -1324 1441
1308 1398 -313 1059 -1429 1854
