-8689 -2937 1901 -4549 1003 27
-1962 -1808 1252 -3781 -730 12
429 -1842 -3 -4119 -1269 248
3166 -1830 -1347 -4045 -935 557
4069 -925 -1777 -3278 30 848
3323 -732 -2045 -2889 782 951
2535 -1143 -1636 -2601 709 998
1833 -1316 -607 -2015 498 1075
1120 -1212 301 -1809 627 1162
422 -1109 888 -1820 952 1253
-2509 -1387 192 -1955 1405 1335
-8460 -2502 1588 -2270 681 1272
-9024 -1850 4207 -1177 -140 1059
-10766 -695 3943 -666 2085 797
-11474 -1875 2342 -2015 3832 -127
-10544 -1475 2900 -1195 2950 -1411
-9461 1481 3381 239 2245 -2643
-8435 533 3448 756 594 -4046
-6770 3139 2054 1449 -1431 -5244
-7064 2759 1144 1017 -2415 -6016
-6418 2628 1228 751 -2902 -6510
-5365 1887 997 897 -3368 -6099
-4397 1103 711 180 -3500 -4970
-4656 2131 -164 -159 -2438 -2568
-2507 2180 -944 -748 -1166 -842
-1317 -213 -1014 -942 267 671
-942 -1047 -375 -523 368 1981
221 4 358 479 -134 3068
-223 609 538 717 511 4242
-589 573 553 457 793 5042
-296 1209 517 876 110 5611
61 1817 504 1146 -524 5761
342 1934 289 1208 -721 5568
662 1909 -118 1313 -792 5180
1121 1851 -196 1458 -809 4781
-190 2451 447 1632 -344 4520
-2731 3715 1177 1548 -102 4062
-5071 5641 2256 1331 -98 3358
-7945 9813 3126 1108 559 2384
-8653 11822 3714 126 150 1983
-10539 7893 3675 -1205 1423 2051
-9928 5873 3330 -1344 2128 1748
-7757 4862 3551 -1131 697 994
-5549 3051 3526 -1328 -204 483
-3968 876 2487 -1990 -185 276
-2081 -1395 1222 -2639 107 123
-669 -2863 166 -2581 662 -89
-107 -3309 114 -2128 1297 -504
237 -3090 334 -1655 1285 -1162
488 -2466 479 -1414 1087 -1579
-1321 -1769 827 -1350 1272 -1938
-4068 -660 1802 -1087 1022 -2526
-5510 1355 2195 -909 -68 -3492
-5595 2613 3301 -1388 -1657 -4661
-4906 1284 4549 -1818 -1934 -5600
-9912 -871 4707 -2017 784 -6490
-9945 -1546 4631 -795 668 -6906
-9423 -589 5278 557 -127 -6299
-8079 -117 3963 990 215 -4820
-4907 118 2302 1283 -376 -3174
-2255 -3 679 1645 455 -1821
-539 -381 -203 2289 1151 -266
368 7 -265 2846 1332 1045
1562 1877 -169 3498 1340 2083
2172 2936 -360 3448 1605 2794
1830 2347 -619 2845 1253 3177
1293 1775 -1057 2470 175 3430
965 1223 -1235 2278 -813 3656
650 908 -1149 2175 -1456 3780
350 1294 -699 2300 -1896 3838
1152 2164 -339 2437 -2136 3781
1467 3800 176 2704 -1122 3702
-3464 8337 893 3166 1027 3747
-7537 15199 1399 3069 1632 3892
-10854 15894 3846 1446 2682 3262
-11226 14034 5207 242 3917 1763
-9890 9100 3483 -604 2840 752
-7954 5806 2358 -1383 1823 -14
-5897 2942 2214 -1900 1392 -342
-3083 887 2267 -2110 499 -435
-930 -798 1901 -2344 -67 -388
193 -2152 1405 -2507 48 -377
547 -2958 762 -2515 459 -503
276 -3093 302 -2386 656 -911
222 -2710 -46 -2132 556 -1423
453 -2799 97 -1981 424 -1878
100 -2504 619 -1823 466 -2124
-419 -1499 1457 -1424 764 -2455
-47 -415 1316 -1226 1616 -2878
-3392 -369 963 -1235 2904 -3276
-10329 -1852 1397 -772 2772 -3558
-15766 671 2968 575 787 -3674
-15503 3577 4033 1887 797 -4792
-16800 3406 3975 1118 289 -4627
-10787 4622 2703 1029 -2288 -4338
-5331 3115 1604 196 -1476 -4030
-1527 981 775 193 -416 -3184
476 -353 112 848 316 -2004
1045 -114 -199 1478 839 -820
2227 1378 -636 2073 475 298
2875 2367 -1235 2338 -121 1131
2651 2959 -1714 2363 -480 1551
2363 2747 -1530 2104 -1096 1926
1607 2470 -1279 1643 -1437 2425
1227 2626 -1080 1319 -1501 3072
888 2439 -553 1053 -1302 3527
947 2738 305 1111 -1285 3820
1788 3885 760 1544 -1109 4289
-1217 7307 564 2228 1126 5050
-11543 11661 1577 2648 3872 6014
-15855 19901 4807 2813 3255 5655
-17130 17102 6289 1014 3704 3330
-11479 8573 3576 -828 1845 1058
-8316 3609 1963 -1947 331 83
-4724 978 1355 -2472 394 -268
-1577 -624 967 -2303 -421 -211
384 -1759 568 -2173 -871 -79
1286 -2484 179 -1943 -477 -97
1085 -2881 15 -1603 112 -332
1315 -3012 -74 -1265 -62 -702
1897 -3419 62 -1098 -401 -1087
1709 -3485 147 -1135 -358 -1385
1357 -2704 178 -1141 -366 -1541
747 -1868 211 -1095 -184 -1615
341 -1272 249 -1086 -70 -1661
-196 -834 355 -963 10 -1682
-3282 -992 850 -786 493 -1785
-9295 -2685 2445 -529 894 -1775
