-640 3809 2585 -46 -39 85
-626 3825 2580 -44 -41 90
-640 3818 2589 -38 -49 87
-607 3826 2574 -34 -54 89
-647 3821 2574 -38 -40 89
-618 3819 2592 -38 -41 91
-631 3805 2590 -29 -40 84
-613 3838 2578 -19 -40 71
-653 3812 2560 -22 -56 69
-604 3809 2555 -22 -64 71
-615 3817 2581 -23 -42 73
-635 3826 2568 -26 -36 76
-618 3813 2584 -25 -44 73
-637 3825 2561 -29 -43 78
-614 3825 2588 -29 -45 80
-616 3823 2557 -24 -47 79
-621 3837 2563 -23 -44 75
-610 3823 2553 -28 -41 72
-624 3828 2568 -31 -37 80
-617 3825 2547 -35 -38 83
-606 3826 2575 -35 -37 76
-608 3842 2565 -31 -36 77
-630 3822 2559 -29 -47 74
-601 3842 2558 -27 -49 82
-606 3815 2562 -36 -37 81
-611 3837 2566 -36 -32 78
-625 3812 2559 -35 -36 80
-615 3841 2574 -33 -42 80
-606 3832 2562 -33 -53 78
-582 3835 2554 -35 -48 83
-614 3817 2585 -35 -40 79
-606 3824 2579 -32 -47 75
-608 3855 2573 -22 -52 82
-604 3829 2554 -34 -49 85
-573 3822 2569 -38 -51 84
-598 3833 2580 -35 -45 82
-592 3833 2564 -30 -45 82
-597 3824 2566 -32 -46 77
-576 3838 2571 -31 -46 74
-616 3835 2582 -31 -40 77
-586 3833 2558 -29 -47 72
-601 3838 2556 -31 -38 74
-567 3843 2552 -37 -36 73
-595 3822 2564 -41 -34 67
-574 3837 2572 -37 -34 66
-597 3825 2559 -35 -30 64
-603 3845 2575 -33 -41 65
-588 3827 2562 -39 -33 69
-581 3848 2564 -37 -29 64
-610 3822 2581 -36 -29 61
-604 3829 2567 -33 -35 60
-598 3824 2564 -35 -27 65
-592 3835 2579 -36 -35 58
-595 3830 2569 -34 -40 62
-604 3837 2566 -36 -32 61
-603 3807 2589 -37 -40 67
-591 3831 2570 -29 -42 65
-610 3848 2568 -29 -38 63
-602 3815 2541 -38 -40 66
-567 3822 2565 -39 -37 62
-618 3824 2566 -40 -18 57
-596 3820 2561 -38 -30 63
-606 3832 2569 -34 -39 61
-605 3836 2577 -34 -37 59
-614 3814 2562 -37 -35 61
-593 3823 2560 -37 -36 67
-600 3833 2574 -39 -36 67
-619 3836 2576 -40 -34 62
-619 3822 2581 -38 -31 65
-595 3833 2556 -37 -42 70
-612 3828 2579 -39 -37 68
-611 3828 2580 -34 -38 70
-610 3822 2575 -33 -41 68
-599 3829 2567 -31 -42 69
-607 3829 2556 -36 -40 69
-595 3825 2578 -38 -36 71
-619 3837 2570 -37 -34 66
-589 3816 2570 -30 -47 65
-607 3831 2558 -36 -43 65
-622 3824 2575 -42 -32 71
-602 3816 2578 -38 -38 70
-592 3831 2559 -33 -38 74
-602 3838 2566 -32 -42 68
-616 3812 2559 -41 -47 65
-596 3819 2562 -44 -39 66
-610 3823 2574 -44 -29 75
-611 3825 2583 -42 -38 75
-612 3827 2592 -42 -44 68
-602 3829 2577 -39 -45 72
-587 3827 2566 -33 -46 70
-618 3838 2575 -34 -41 70
-608 3824 2577 -36 -40 68
-603 3804 2580 -38 -40 66
-606 3828 2579 -38 -40 69
-612 3827 2579 -35 -40 67
-598 3826 2579 -34 -51 71
-613 3825 2599 -31 -48 70
-619 3833 2584 -30 -50 71
-594 3825 2564 -35 -48 71
-602 3828 2576 -38 -40 72
-601 3825 2588 -34 -42 71
-608 3827 2589 -32 -49 70
-597 3818 2580 -34 -50 72
-601 3835 2577 -35 -37 70
-613 3832 2578 -36 -43 70
-602 3813 2586 -35 -45 76
-575 3813 2568 -29 -40 79
-577 3848 2559 -27 -37 67
-614 3819 2553 -33 -41 67
-608 3826 2576 -34 -41 72
-605 3827 2585 -35 -21 74
-604 3822 2592 -39 -33 72
-590 3836 2567 -33 -43 71
-600 3839 2579 -33 -31 72
-595 3830 2593 -35 -29 67
-601 3844 2588 -30 -33 66
-599 3828 2565 -27 -41 72
-594 3830 2574 -33 -33 70
-629 3836 2570 -37 -33 74
-571 3832 2577 -34 -41 73
-562 3836 2577 -38 -23 60
-587 3817 2564 -41 -10 42
-590 3826 2593 -33 -14 28
-618 3826 2593 -25 -15 27
-632 3826 2571 -23 -18 37
-621 3837 2565 -28 -18 57
-627 3827 2572 -37 -20 61
-600 3822 2580 -34 -36 66
