-560 3861 2565 -65 -45 118
-561 3848 2580 -55 -55 112
-528 3856 2582 -44 -65 99
-542 3865 2569 -34 -60 97
-531 3864 2560 -30 -58 93
-519 3869 2541 -30 -52 81
-541 3849 2558 -37 -42 71
-508 3872 2562 -30 -32 64
-548 3848 2564 -26 -26 54
-550 3871 2552 -24 -36 47
-573 3865 2555 -27 -34 45
-545 3875 2548 -29 -32 53
-550 3868 2542 -30 -34 58
-562 3860 2531 -37 -26 54
-557 3871 2550 -33 -32 54
-586 3837 2568 -36 -30 54
-544 3895 2550 -24 -40 52
-571 3880 2541 -26 -33 54
-575 3854 2539 -39 -35 57
-578 3856 2542 -32 -43 61
-568 3864 2543 -39 -34 70
-568 3864 2552 -42 -34 68
-575 3848 2547 -41 -39 66
-569 3870 2546 -37 -43 67
-554 3859 2557 -35 -37 64
-577 3860 2555 -40 -34 68
-575 3859 2561 -40 -43 66
-566 3854 2549 -44 -39 68
-578 3849 2557 -43 -36 65
-577 3857 2555 -41 -40 71
-572 3856 2552 -39 -44 72
-573 3860 2570 -37 -43 71
-587 3854 2551 -36 -48 74
-567 3868 2552 -36 -44 73
-581 3846 2580 -36 -39 75
-576 3865 2558 -35 -47 74
-562 3856 2546 -32 -45 72
-586 3859 2566 -35 -40 77
-565 3864 2566 -37 -39 70
-584 3855 2552 -39 -39 69
-541 3850 2560 -39 -46 68
-574 3849 2561 -39 -33 62
-586 3859 2553 -41 -38 61
-570 3847 2577 -40 -42 62
-587 3849 2557 -34 -36 67
-575 3863 2569 -32 -34 70
-594 3840 2566 -31 -44 71
-568 3843 2570 -22 -46 73
-605 3861 2554 -24 -30 84
-568 3860 2552 -25 -43 92
-570 3870 2553 -32 -44 87
-572 3857 2559 -40 -34 80
-557 3865 2561 -39 -37 74
-567 3865 2559 -42 -36 66
-574 3863 2560 -44 -32 63
-584 3850 2566 -48 -30 64
-569 3847 2578 -46 -33 65
-599 3856 2568 -39 -41 71
-591 3850 2552 -37 -46 80
-564 3856 2566 -33 -45 81
-578 3843 2570 -33 -50 81
-576 3856 2573 -30 -52 81
-573 3848 2567 -28 -50 78
-560 3849 2556 -26 -55 79
-566 3872 2555 -33 -48 79
-581 3848 2553 -34 -41 76
-577 3851 2567 -37 -40 71
-569 3861 2560 -37 -44 76
-556 3858 2547 -39 -41 71
-577 3859 2539 -43 -32 72
-569 3851 2577 -40 -38 76
-558 3846 2579 -37 -38 70
-561 3858 2553 -32 -35 72
-590 3850 2543 -33 -32 69
-566 3843 2559 -36 -43 72
-569 3859 2550 -34 -30 75
-574 3848 2553 -39 -21 70
-568 3857 2557 -36 -32 71
-562 3853 2549 -39 -26 63
-560 3859 2549 -40 -28 53
-606 3839 2556 -40 -32 54
-581 3870 2564 -36 -41 56
-609 3840 2572 -28 -44 67
-587 3865 2552 -17 -64 85
-573 3864 2527 -19 -62 93
-579 3861 2539 -32 -54 96
-568 3854 2543 -41 -58 90
-539 3854 2547 -47 -53 86
-548 3857 2562 -47 -42 76
-572 3856 2539 -47 -40 67
-560 3860 2550 -45 -37 60
-578 3859 2558 -49 -33 56
-594 3846 2572 -49 -31 64
-575 3845 2546 -41 -40 70
-552 3856 2561 -36 -46 67
-556 3854 2548 -36 -47 68
-576 3853 2547 -37 -49 71
-549 3850 2558 -36 -50 67
-571 3851 2550 -33 -44 72
-558 3877 2550 -29 -48 73
-556 3855 2534 -38 -43 66
-566 3854 2545 -38 -47 63
-565 3855 2539 -42 -32 65
-559 3857 2552 -43 -33 63
-549 3853 2559 -39 -31 55
-528 3861 2553 -35 -16 37
-529 3839 2567 -31 -1 21
-587 3848 2556 -27 30 10
-603 3841 2551 -20 36 0
-512 3914 2575 -3 44 8
-660 3854 2534 -5 71 33
-598 3832 2515 -4 35 54
-487 3853 2557 -16 141 77
-648 3822 2545 -33 300 97
-952 3866 2398 25 109 45
-515 3918 2167 157 -387 -151
-1007 3814 2309 225 -579 -290
-999 4089 2838 341 -1211 -568
-1272 3661 4091 338 -1945 -816
-871 3414 3889 -9 -2583 -1031
-1289 3542 3918 -69 -3083 -981
-1688 3541 3642 -391 -2970 -982
-833 3514 3884 -637 -2021 -1004
-1053 3310 3768 -883 -1012 -739
-663 3180 3483 -856 -774 -469
-100 3101 2915 -782 -725 -175
-625 3437 2666 -729 -517 14
-677 3670 2458 -649 -640 49
