1460 2924 -604 -2237 -737 -637
1791 2830 -1662 -2686 625 -472
-177 2696 -2406 -3207 804 -334
1273 1992 -1934 -3463 -2019 -503
2217 2952 -780 -2955 -3572 81
1324 3503 1231 -3307 -3974 1586
-27 3985 1705 -3819 -4059 4015
-4608 3661 2223 -2944 -2532 6572
-8839 2374 3691 -1809 198 8117
-8428 2666 8772 -767 807 8287
-9849 6140 10251 149 2365 7355
-11308 1133 7395 -1915 4266 5493
-9512 104 5757 -1910 2840 4200
-6929 904 4403 -1342 1822 3439
-4446 186 2961 -1595 1633 2731
-2891 -686 2022 -1742 1803 2310
-1883 -1118 996 -1657 1786 2176
-1150 -1773 566 -1566 1591 2091
-532 -2109 632 -1313 1297 1902
104 -1823 615 -913 976 1638
306 -1623 570 -681 970 1202
153 -1597 746 -487 946 725
-647 -980 1273 -82 920 262
-1321 -550 1449 -9 938 -147
-2994 -1098 1728 -205 746 -481
-5514 -546 2815 173 741 -650
-9017 609 3827 460 1068 -1051
-11883 1747 4758 427 768 -1785
-13528 3723 5272 646 440 -2962
-11952 5225 5089 401 -669 -3656
-8923 4552 4488 -270 -2063 -3891
-7227 4184 3490 -695 -2525 -3700
-3911 3864 2666 -974 -3406 -3210
-1715 3326 1620 -1128 -2997 -2629
-384 2269 808 -1180 -1310 -2019
560 1885 143 -939 262 -1442
538 2344 -199 -531 1134 -935
-44 2662 -534 -334 112 -734
801 2365 -1142 -168 -2986 -503
1224 1614 -2157 -21 -5736 -258
2411 110 -1495 -105 -7677 -48
2723 111 -573 808 -6378 472
1785 466 150 1399 -3330 1339
37 72 1964 1815 -268 2206
-3642 2390 5995 2881 1884 3804
-9240 7799 8232 2971 2597 4476
-9998 9316 12658 1593 1599 3510
-8188 8448 9206 483 2845 1941
-6676 4721 6593 -1160 3632 1177
-4467 2901 5775 -913 2799 1675
-3152 1649 4919 -853 2400 2312
-2964 409 4030 -893 2330 2886
-2439 -795 2949 -1108 1790 3161
-1316 -1583 2064 -1123 1380 3183
-348 -2623 1080 -1286 1253 3034
57 -3268 470 -1560 1283 2620
189 -3506 96 -1590 835 1981
686 -3399 -69 -1439 112 1221
1069 -3285 137 -1344 -236 452
1165 -3059 390 -1343 -199 -104
1012 -2507 814 -1286 178 -616
150 -2518 1461 -1101 843 -1072
-3833 -3060 2745 -801 1461 -1338
-10690 -2985 4934 -170 793 -1160
-14351 987 9784 806 -2261 -1112
-14152 7018 12676 856 -2659 -1744
-14599 5528 11177 -2179 -1116 -2858
-9099 4608 7211 -2655 -1648 -3745
-4307 3613 5064 -2667 -958 -4007
-1764 3055 3346 -2132 -29 -3671
-210 2620 1754 -1242 708 -3057
342 2165 517 -525 1294 -2314
1120 2239 -451 223 979 -1537
1604 2616 -780 975 -41 -928
1809 2855 -1064 1356 -996 -491
1981 2222 -1265 1307 -1296 -150
1676 2016 -1187 1395 -755 320
1063 2253 -1079 1545 26 894
476 2053 -695 1470 192 1391
138 2045 134 1595 -291 1874
-503 2682 1604 2060 -604 2365
-2706 4875 4431 2585 856 2990
-8763 7323 6692 1928 2812 3855
-11518 9282 8788 1481 2833 3473
-10995 8014 7418 501 4786 2344
-9387 5022 6135 -1514 5709 1732
-7614 3517 4085 -1711 4279 1813
-5992 2794 2882 -1896 3259 1977
-3914 1385 1795 -2110 2832 2108
-2217 292 990 -2430 3226 2108
-1505 -607 505 -2399 3977 2012
-967 -1849 253 -2433 3666 1754
-582 -3453 447 -2413 2460 1340
195 -4207 416 -2085 610 706
1148 -4100 201 -1519 -507 197
739 -3772 -172 -1311 -123 -213
-618 -3220 -299 -1071 127 -617
-1331 -2453 -189 -548 -621 -921
-3440 -1751 51 -216 -910 -1213
-9257 -2163 -76 -186 -250 -1527
-15132 -93 793 749 -598 -2389
-13264 4660 2695 2681 -1539 -3813
-14543 5131 3726 1887 191 -4080
-12255 4446 2698 1578 -1350 -3987
-8686 5532 2539 2029 -2515 -4011
-5704 4788 2350 1617 -2703 -3443
-2877 3800 1659 1282 -3071 -2878
-609 3143 964 1154 -2184 -2159
229 2367 513 1159 -896 -1415
803 1907 277 1198 -12 -871
1385 2115 -382 1427 -156 -391
1237 1879 -1168 1372 -927 -53
1771 1396 -1114 1210 -2156 216
2032 1749 -892 1326 -2365 538
1871 2230 -606 1182 -1772 884
1226 2477 65 867 -1095 1377
112 2727 663 654 -652 2018
-2649 4129 1089 538 332 3010
-6933 7217 3051 1070 1569 3807
-10860 9616 6079 1438 1247 3977
-10161 9232 7180 997 444 3182
-8535 6294 6064 210 1182 2276
-6827 4239 5248 -252 2064 1883
-5495 3085 4542 -374 2187 1859
-4338 1811 3967 -677 1892 1933
-2890 522 3277 -945 1602 1916
-2113 -477 2681 -1094 1714 1788
-1539 -1559 1991 -1360 1614 1547
