-11 2633 187 467 -722 -3370
769 1970 -381 1025 785 -2541
1104 2173 -852 1573 1286 -1909
1311 2579 -1430 1843 1014 -1342
1558 2279 -1937 1848 34 -779
2043 1824 -1606 1864 -1141 -313
2211 1988 -1144 2078 -1581 333
1895 2268 -825 2192 -981 1012
1353 2346 -149 2329 -571 1731
1214 2909 108 3159 -1256 2460
1245 4631 -153 4625 -2295 3620
-311 8620 2161 7279 -3845 4969
-2103 21129 9248 9626 -3295 5265
-11444 15211 10396 6679 1842 4597
-11949 13412 9708 3049 2223 3227
-7112 8695 7540 653 1153 1635
-6263 3590 4899 -1769 3603 1012
-4408 978 3547 -2450 3469 621
-3261 137 2745 -2194 2964 356
-2008 -1347 1883 -2369 1908 48
-1278 -2026 1745 -2135 836 -195
-1035 -1831 1778 -1501 132 -363
-376 -1757 1428 -1229 -595 -813
-583 -1762 1283 -1114 -765 -1295
-732 -1119 1156 -844 -831 -1868
-796 -1037 1034 -832 -1110 -2438
-1399 -896 970 -837 -1183 -2917
-2241 -637 776 -569 -886 -3400
-4151 -2082 1263 -477 -323 -3653
-9427 -2173 3902 461 322 -3608
-13535 3261 5402 2446 -3 -3695
-13829 4950 4612 2035 -1311 -4618
-12591 4505 4962 937 -2070 -5191
-8607 4174 4046 815 -2372 -5591
-6543 3438 2808 461 -1250 -5571
-4744 3257 1869 621 -672 -5310
-2893 2925 826 721 -443 -4825
-1284 2221 68 834 40 -4228
-358 1621 -431 1074 936 -3476
-33 1258 -710 1350 1470 -2792
243 1231 -841 1756 1317 -2121
809 1286 -860 2147 795 -1518
1002 1214 -797 2385 437 -1000
988 1019 -587 2571 82 -467
961 1006 -318 2808 -191 99
696 1115 -20 3154 -369 725
325 1001 424 3600 -689 1618
-1426 1688 1920 4326 -978 2681
-5565 5514 3909 5492 -597 3740
-10088 9771 6346 5483 -780 3382
-7456 10671 9410 4487 -1471 1746
-7888 6486 8592 2045 1378 332
-5139 3533 5618 612 1506 -298
-4277 2043 4466 402 1140 -128
-2884 1144 3730 147 765 -95
-1601 652 3371 348 562 -37
-979 117 2953 356 639 10
-592 -477 2404 317 541 -5
-279 -803 1819 391 184 -52
41 -1095 1377 524 -338 -149
194 -1291 1048 722 -650 -338
70 -1410 829 825 -820 -568
-86 -1446 605 913 -1069 -811
-140 -1358 467 1047 -1152 -987
-2263 -1308 421 1064 -695 -1037
-6376 -1444 813 1022 -410 -825
-11014 114 1034 1458 -829 -715
-13626 3722 2707 2160 -2614 -1768
-11470 7718 5175 2124 -3106 -3672
-11036 3941 4974 -443 -236 -4333
-10762 2743 3583 -606 98 -4880
-8364 4183 2582 -119 -1544 -5072
-6441 3596 2459 -328 -1675 -4713
-4471 3281 2360 -541 -1867 -4523
-2363 3143 2006 -506 -1809 -4242
-911 2501 1216 -585 -1018 -3752
-334 1799 218 -479 163 -3129
287 1873 -694 -45 1300 -2517
468 2251 -1213 488 1789 -1771
1026 2314 -1423 907 1545 -1236
1477 2634 -1533 1495 1279 -543
1303 2427 -1376 1803 705 285
1210 2690 -1075 2273 -93 1042
1338 3140 -491 2888 -523 1971
1051 3541 103 3144 -632 3173
-670 4432 -318 3778 530 4328
-11262 10605 3152 4479 5536 5223
-19039 12712 6198 3228 7285 3661
-13729 6380 5101 392 4163 1395
-9607 2921 3346 -456 894 714
-7089 1503 2900 -790 -42 485
-4657 883 2739 -763 64 453
-3387 215 2715 -1072 678 456
-1991 -479 2316 -1222 604 558
-923 -864 1716 -1285 145 592
-302 -1309 1253 -1313 -70 644
62 -1839 958 -1239 -417 617
357 -2370 655 -1128 -902 430
603 -2551 545 -860 -969 120
389 -2404 615 -534 -464 -274
-578 -2267 716 -330 -149 -697
-2280 -1942 691 -49 -378 -897
-6159 -2245 1195 264 -1031 -838
-10928 -654 2090 1080 -1850 -941
-13714 3531 3358 2052 -2474 -2111
-14183 5883 4636 1588 -1618 -3632
-12215 4672 3869 308 -1164 -4149
-8554 4592 2635 252 -2077 -4349
-5588 3954 2063 -22 -1918 -4111
-3149 3384 1613 167 -1692 -3634
-1334 2763 1076 490 -1063 -3084
-194 2065 428 728 -148 -2328
426 1745 -174 1033 374 -1596
1078 1743 -588 1434 253 -831
1692 1855 -748 1797 -135 -192
1981 1724 -981 1749 -391 309
1918 1685 -967 1630 -462 773
1723 2016 -716 1552 -417 1294
1359 2514 -397 1271 -362 1850
1431 2464 -80 930 -334 2572
744 2400 125 738 88 3440
-6335 5613 1252 1432 2086 4536
-13801 9390 4288 1683 2159 4671
-11067 12636 6921 1252 1379 2572
-10252 7112 6973 -659 3797 1370
-8614 3718 4087 -1815 2558 505
-6252 2320 2713 -1469 1284 303
-4316 1423 2656 -1400 842 374
