-4875 559 3001 697 352 -337
-3332 80 2989 863 -73 -587
-2134 -108 2872 713 -417 -748
-1157 -289 2376 521 -727 -805
-836 -474 1948 331 -719 -761
-684 -564 1740 313 -775 -726
-469 -590 1660 330 -922 -708
-764 -568 1411 269 -1097 -698
-944 -528 1166 238 -1468 -800
-883 -585 1131 299 -1881 -924
-1379 -715 1153 356 -2034 -967
-2550 -593 1580 489 -2044 -969
-3929 -402 1696 681 -1924 -1117
-5767 -765 2450 780 -2018 -1117
-8604 1351 3709 1418 -1746 -1094
-10619 4367 4799 1922 -880 -1654
-8972 4432 3649 1226 -275 -3085
-7213 2033 3215 369 -56 -4070
-6857 1424 2517 760 323 -4490
-5571 1729 1679 1152 183 -4638
-4644 1427 1316 1481 182 -4501
-3876 1221 1267 1620 -81 -4252
-2762 1254 1126 1734 -133 -4059
-2003 731 675 1550 220 -3698
-1294 500 330 1497 517 -3344
-668 264 149 1572 770 -2982
-301 153 57 1654 1087 -2456
-50 45 35 1802 1257 -1903
65 -39 -10 2028 1342 -1209
86 -135 45 2276 1211 -437
14 -92 240 2563 857 331
132 254 365 2895 353 1262
1 488 491 3065 41 2292
-345 1250 820 3367 -318 3327
-307 2827 1114 4064 -669 4418
-2198 5019 1810 4696 -367 5249
-7638 8062 2208 5048 -30 5463
-8925 11515 3345 4968 -1211 4293
-7692 12343 5455 4309 -1674 2609
-6778 8560 5656 2493 677 991
-5601 4711 3797 800 1742 8
-5100 2220 2594 530 987 -234
-3856 1396 2242 601 -85 -295
-2879 944 2124 666 -858 -286
-1572 -149 2336 540 -1590 -184
-961 -425 2356 482 -1841 -155
-902 -455 2069 477 -1321 -128
-776 -669 1697 404 -801 -176
-1131 -629 1490 413 -285 -302
-1799 -326 1338 463 88 -460
-2756 -17 1321 361 -131 -589
-3803 705 1375 323 -695 -824
-5277 1511 1565 230 -1081 -1056
-6777 2167 2429 177 -1251 -1334
-7996 3946 3497 361 -1108 -1962
-8431 4652 3321 -158 -944 -2968
-8641 4090 2947 -858 -754 -3899
-8137 4687 2967 -668 -1233 -4289
-6901 5346 2959 -605 -1758 -4255
-5018 4722 2484 -874 -1936 -4102
-3440 4084 2151 -1042 -1634 -3949
-2508 3312 1857 -994 -1171 -3647
-1658 2800 1284 -767 -919 -3179
-779 2512 847 -401 -731 -2674
-28 2337 430 -32 -400 -2034
572 2386 -57 208 -83 -1336
758 2460 -562 455 109 -705
972 2340 -1032 689 -17 -5
983 2791 -1100 1057 -143 562
926 3690 -659 1527 -276 1254
1097 4379 101 1679 -806 2225
-360 5083 233 1489 -1000 3547
-5810 6388 1005 1515 -596 5157
-7357 8029 4708 2102 -1203 5741
-8749 10707 9090 2080 1089 4522
-9370 4917 7209 -683 4100 2830
-7633 1730 5443 -1229 3103 2271
-6037 907 4782 -913 1416 2083
-4056 128 4151 -770 667 1839
-2920 -566 3738 -737 821 1506
-2437 -891 3235 -788 1031 1268
-1585 -1044 2481 -962 491 932
-736 -1658 1828 -1108 -20 687
-249 -2393 1733 -1045 -200 581
-135 -2414 1711 -801 -380 456
-218 -1822 1596 -583 -484 145
-866 -1257 1827 -605 -435 -407
-1812 -632 2297 -610 -574 -1081
-3437 146 2691 -671 -711 -1660
-6900 734 4574 -895 -543 -2074
-8986 2417 5974 -737 -1034 -2320
-9089 3824 6100 -744 -1290 -2788
-9640 3834 6043 -1414 -379 -3253
-8062 3778 5531 -1436 -206 -3738
-6230 3770 4568 -1150 4 -3911
-4212 3335 3418 -1079 341 -3879
-2675 3213 2888 -614 415 -3661
-1435 2790 2348 -274 508 -3249
-407 2325 1827 21 338 -2703
356 2038 1317 306 60 -2144
944 2005 810 445 -124 -1533
1449 2034 306 524 -82 -989
1592 1824 -12 593 272 -403
1229 1622 96 677 568 185
908 1729 203 758 541 748
607 2036 394 806 271 1408
18 2381 805 892 -201 2176
-2747 3168 1660 978 -720 3125
-6381 5041 3035 1193 -1477 4502
-9472 7217 5956 1636 -1897 4796
-7147 8222 9761 1036 -1348 3756
-6378 4633 7967 -1189 1581 2029
-6480 2661 5673 -1890 3037 1556
-5472 1483 4641 -1700 2007 1642
-4118 412 4040 -1529 888 1775
-2405 -413 3487 -1347 102 1790
-1546 -635 2693 -1076 414 1789
-1390 -1214 1996 -1023 1061 1748
-1053 -2017 1417 -1030 1293 1593
-993 -2349 1311 -951 1228 1321
-817 -2175 1247 -788 1030 938
-671 -1938 1240 -805 1110 431
-1125 -1916 1038 -981 1608 -251
-1940 -1886 1579 -915 1692 -1033
-2929 -1592 1845 -639 1291 -1664
-4972 -1600 2586 -620 551 -2232
-6569 -1062 3603 -378 -510 -2678
-7179 179 4423 51 -1385 -2929
