-13354 15587 9287 -1894 -10176 -3936
-3831 10604 7665 -4743 -10577 -4126
1154 6278 4440 -6329 -6628 -4534
4152 3562 623 -5470 -1939 -4640
2866 1558 -49 -3635 4129 -4302
-1452 1159 1966 -1896 7215 -4945
2479 -357 944 -1121 4581 -4176
5925 1488 -1406 874 4772 -2400
5670 1126 -2761 956 7660 -1166
4142 910 -2931 1082 8340 418
3486 2087 -2599 1487 7235 2055
1673 2417 -2337 525 6166 2996
291 2376 -1591 -132 4243 3508
-858 2029 -407 -375 1667 3679
-1393 1025 808 -623 -989 3834
-1901 727 1190 -502 -3817 4499
-5535 1634 445 -41 -5743 5607
-13931 2673 2567 1550 -7229 6067
-9016 18763 5496 5953 -5984 3126
-11008 15508 11503 2183 1522 2414
-11616 6208 3316 -1147 5451 -954
-11666 2058 1762 -1738 2720 -1247
-4345 -466 1848 -1395 -314 -2027
-1974 1011 2037 84 431 -2081
-428 -391 1634 -174 -100 -1514
1436 -1154 1142 -452 -1141 -1223
1564 -804 926 350 -520 -599
1356 -863 671 721 -243 -320
1485 -1162 487 994 -585 -324
1614 -1111 311 1392 -924 -370
1557 -1154 37 1673 -937 -551
1170 -1368 -317 1839 -983 -739
740 -1523 -778 2001 -1457 -832
86 -1887 -1504 1973 -1733 -729
-3061 -2720 -2243 1796 -1628 -233
-10376 -4624 -956 2373 -2035 770
-18899 625 1708 4981 -2660 246
-25786 9818 1796 6247 -5526 -1366
-19532 13671 4479 3829 -8073 -4005
-11612 6417 4127 607 -3434 -5668
-7835 3384 1808 -789 696 -6502
-3504 2719 -167 -187 1162 -6891
-1290 1316 -888 396 2381 -6099
-925 706 -668 1473 2590 -5171
-1012 1334 -653 2397 2146 -4551
168 2027 -772 2643 1153 -3900
1685 2511 -872 3025 1053 -3158
2668 1979 -1025 3053 1369 -2311
2449 1788 -1030 3179 1330 -1350
2019 1895 -1031 3539 687 -365
1652 1836 -691 3895 -490 403
1506 1716 -231 4071 -1565 1331
2290 1788 -185 4389 -2063 2403
2146 1932 -605 5352 -2035 4069
-4092 7475 3839 7086 -497 5591
-16959 20563 9643 8181 2809 5154
-21975 11166 9859 3141 4868 2663
-12651 5748 7869 1755 306 711
-7507 2208 5337 183 -1666 -237
-4477 801 3727 -401 -969 -405
-1559 244 2015 -362 -1306 -646
364 -1765 753 -936 -789 -726
1642 -2431 -37 -746 -197 -682
1800 -2338 -136 -200 52 -516
1435 -2047 -114 100 5 -338
2053 -1985 -192 126 -501 -285
2583 -2184 -41 110 -711 -97
1597 -2214 28 -51 -331 97
549 -1879 -286 -150 -31 218
188 -1835 166 252 107 51
-812 -1695 946 836 488 -308
-10455 -1633 1536 922 697 196
-18231 577 5426 2217 -1749 -86
-20557 10872 8977 3538 -6560 -2081
-17573 18888 13282 946 -5854 -3940
-11116 8763 6474 -2383 -2356 -5034
-5731 7697 3727 -2851 -2239 -5722
-1944 5294 2330 -2948 -1092 -5241
266 3375 462 -2339 1 -4947
1570 2057 -484 -1622 1854 -4316
1701 2354 -903 -160 3322 -3716
2805 4065 -1794 700 3598 -3292
5557 5039 -2594 1129 3538 -2612
6979 4480 -2851 893 4733 -1435
5945 3201 -2300 -191 5591 196
1952 3853 -2815 -761 5667 1947
-587 3377 -1959 -1448 3612 3222
-751 2124 -439 -1819 -221 4372
-704 1472 944 -1249 -3110 5499
-460 1672 396 -631 -4942 6825
-1322 3979 4570 1189 -5532 8403
-10023 21927 5813 5238 695 8196
-22593 16589 2805 2006 6889 6410
-19014 14475 5995 687 -13 3313
-7410 8538 2780 138 -3753 1092
-9691 3189 1338 -1729 1478 850
-4385 -386 809 -2186 -201 -32
-1443 -270 535 -1431 -1127 69
-447 -1378 215 -1689 -229 97
-48 -2668 -550 -2092 6 40
774 -2994 -808 -1715 -767 65
1646 -2748 -562 -1152 -1207 53
1790 -2687 -318 -897 -864 13
1633 -2810 -263 -938 -344 -129
1356 -2674 -620 -821 -170 -266
-525 -2555 1008 -473 -110 -565
-1977 -1439 2208 190 369 -1198
-4419 -970 2679 3 1322 -1568
-10759 -1802 3826 0 1338 -1618
-16954 1875 6269 1722 -1327 -2345
-18349 9292 8264 2323 -2634 -4392
-15532 10304 7991 -44 -3238 -5440
-10394 10526 6120 -1739 -5030 -5147
-5771 7837 3819 -3336 -5040 -4588
-2277 5504 1153 -3693 -3059 -4464
419 3509 -447 -2764 -28 -3932
1661 2086 -926 -1657 3169 -3384
-1768 1740 690 -511 5002 -2666
-801 2184 865 234 1484 -2152
1187 4600 -2552 1308 -1805 -1320
3701 3405 -4593 931 -3591 -817
5200 2452 -3677 1075 -2365 -215
3713 2994 -2771 1872 1084 1094
1628 3016 -1593 1772 3219 2413
1725 2836 -606 2106 2765 3538
1658 3351 -282 2271 1929 4694
-562 4921 232 2436 2004 5962
-11920 9402 3229 3376 2673 7254
