-2682 2212 2562 -57 -5 69
-2722 2180 2577 -29 -14 56
-2719 2238 2588 8 -56 51
-2677 2256 2568 12 -92 36
-2730 2245 2532 18 -57 30
-2760 2231 2500 28 -43 29
-2798 2246 2517 16 -45 30
-2758 2392 2496 1 -43 31
-2718 2451 2484 -18 -8 39
-2683 2410 2513 -45 30 56
-2663 2393 2546 -46 27 70
-2662 2355 2553 -46 -5 72
-2675 2272 2605 -40 -19 65
-2641 2259 2626 -13 -51 62
-2640 2202 2615 17 -74 42
-2704 2161 2585 49 -92 25
-2771 2093 2548 78 -126 6
-2862 2113 2494 84 -111 -16
-2935 2152 2433 73 -50 -41
-2924 2210 2370 51 -29 -44
-2871 2264 2358 47 -45 -44
-2839 2125 2439 28 -84 -46
-2922 2097 2522 30 -76 -45
-2816 2336 2486 46 -124 -44
-2776 2393 2480 8 -99 -60
-2892 2665 2502 -14 -4 -58
-2808 2723 2491 -46 -26 -76
-2787 2601 2426 -95 16 -117
-2601 2338 2484 -70 -29 -132
-2222 1913 2275 -46 -92 -111
-2298 1789 2644 40 -56 -27
-2703 1855 2793 125 17 38
-2685 2032 2855 172 -73 71
-2629 2234 2837 161 29 49
-2503 2297 2675 70 212 20
-2314 2402 2484 33 279 32
-2243 2250 2192 21 397 102
-2561 2227 2192 73 548 207
-3580 2395 2834 142 634 243
-3720 1900 2329 13 826 80
-3492 1692 2498 -6 899 168
-3274 1989 2883 192 551 391
-3265 2026 2815 205 738 648
-3676 1697 2906 215 702 1059
-2972 2050 2309 377 533 1330
-2688 2170 2445 420 534 1619
-3209 3098 2355 719 794 1859
-3513 3556 2000 645 824 1999
-3211 4389 1643 733 414 2207
-3100 5247 1135 896 261 2519
-3300 5978 991 1071 318 2797
-3407 6730 1131 1344 250 3027
-3004 6938 1315 1398 91 3082
-2303 6863 1468 1310 -99 2993
-1572 6745 1399 1151 -339 2766
-651 5864 1165 879 -243 2392
-689 5515 572 629 213 1963
-1080 4490 260 202 210 1415
-1414 3721 414 -8 -606 894
-841 3117 727 -49 -1859 327
40 2844 1397 -218 -2151 -120
357 2361 1446 -557 -1206 -507
213 2044 1194 -1013 267 -850
-279 1725 909 -1396 1342 -1110
-511 1461 789 -1674 1780 -1403
-562 1487 767 -1734 1646 -1657
-564 1456 735 -1771 1405 -1832
-587 1567 632 -1772 1126 -1904
-637 2067 585 -1726 886 -1730
-793 2956 460 -1669 706 -1119
-1118 3908 404 -1569 676 -194
-1320 4251 466 -1454 1122 1003
-1646 3593 606 -1241 2196 1751
-2124 2927 846 -994 3443 1910
-2155 2877 1619 -613 3342 1847
-2037 3844 2351 -17 2063 1916
-2138 4875 2632 404 59 2100
-1969 5172 1989 617 -1263 2083
-1652 4638 1274 687 -1608 1720
-1846 5518 991 963 -1475 1326
-1586 4814 1091 401 -1569 730
-902 4334 1112 219 -1576 354
-776 4405 1010 582 -1106 187
-1058 4434 959 500 -618 16
-1273 4438 1205 416 -470 -144
-1269 4555 1464 441 -597 -174
-1042 4401 1700 354 -576 -188
-1179 4412 1760 278 -292 -230
-1264 4390 1689 118 -144 -411
-1218 4286 1565 51 -231 -552
-1119 4336 1452 138 -369 -543
-1166 4274 1346 143 -414 -530
-1208 4190 1318 63 -549 -563
-1146 4260 1399 9 -800 -600
-994 4274 1488 -12 -935 -571
-851 4226 1486 18 -886 -481
-804 4209 1460 2 -630 -402
-850 4189 1395 -71 -341 -350
-955 4237 1337 -76 -106 -276
-984 4228 1252 -71 -16 -191
-1046 4214 1187 -50 36 -120
-1076 4182 1192 -23 4 -43
-1075 4192 1190 12 -73 38
-1089 4191 1183 44 -131 91
-1089 4145 1147 40 -188 135
-1104 4142 1111 43 -247 187
-1101 4148 1145 65 -308 241
-1048 4146 1187 62 -321 277
-1036 4164 1156 37 -252 310
-1097 4182 1132 -11 -148 334
-1120 4220 1194 -36 -102 360
-1112 4254 1207 -55 -62 366
-1125 4292 1236 -61 5 351
-1152 4286 1210 -60 56 327
-1203 4274 1244 -54 89 287
-1226 4279 1267 -36 65 252
-1222 4274 1252 -28 37 208
-1226 4258 1296 -14 12 166
-1201 4232 1305 -1 -9 130
-1195 4230 1318 0 3 107
-1199 4208 1305 -2 35 77
-1215 4202 1314 -6 50 60
-1241 4222 1309 3 30 61
-1215 4253 1336 8 -5 61
-1201 4234 1304 -12 -13 46
-1194 4222 1317 -31 -23 32
-1189 4239 1297 -46 -39 9
-1178 4241 1297 -61 -48 -10
