-3017 2186 1857 54 107 41
-3061 2117 1832 4 110 9
-3118 2061 1723 -131 183 -22
-3456 2191 1727 -191 235 -17
-3363 2423 1558 -224 95 4
-3336 2525 1575 -260 -27 15
-3439 2650 1589 -238 -40 -15
-3338 2673 1673 -242 -216 -49
-3214 2714 1764 -212 -396 -78
-3084 2699 1927 -197 -496 -95
-3031 2800 2121 -139 -523 -56
-2912 2740 2131 -111 -461 18
-2814 2629 2156 -197 -378 41
-2731 2405 2236 -188 -332 75
-2829 2180 2371 -210 -248 90
-2862 2125 2303 -199 -159 130
-3033 2081 2247 -180 -117 176
-2991 2097 2241 -178 -200 198
-2897 2168 2242 -128 -294 222
-2807 2220 2222 -118 -337 238
-2667 2246 2333 -124 -233 261
-2849 2323 2226 -167 -99 292
-2996 2298 2193 -168 -85 335
-2996 2452 2072 -136 -119 383
-3118 2587 2174 -89 -139 465
-3143 2736 2003 -51 -95 470
-2435 2434 1536 -100 -113 446
-2331 2293 1569 -19 -50 486
-2909 2597 2093 211 12 558
-3688 2730 2166 255 282 443
-3847 2157 2168 117 682 166
-3013 1564 1900 69 725 -62
-2659 911 2129 99 564 -155
-2652 985 2531 350 376 -122
-2506 1083 2974 469 62 -43
-3050 1483 3647 568 26 108
-3353 2186 3090 429 324 82
-3226 1951 2142 42 772 126
-3222 2784 2377 300 459 399
-2534 3243 1862 534 172 596
-2468 2786 1948 498 7 953
-3307 3912 2006 924 287 1376
-3690 4470 1772 934 533 1807
-3509 5773 1459 969 121 2205
-3471 7717 1288 1216 -224 2636
-3422 8018 1089 1223 -337 2927
-2979 8042 1147 1148 -65 2992
-2421 7886 1398 1005 238 2982
-1900 7562 1675 840 267 2970
-1488 7220 1738 779 312 2983
-1230 6730 1691 614 504 2942
-1288 5459 1080 336 453 2642
-1706 3651 1114 122 51 2213
-1512 1983 1226 -88 -733 1388
-808 1326 1281 -280 -1355 379
-507 1229 1266 -334 -1541 -311
-158 1204 1203 -402 -1307 -918
-150 1074 1026 -536 -935 -1363
-472 1121 883 -787 -586 -1856
-524 1193 770 -1060 -669 -2334
-343 1245 791 -1254 -840 -2597
-84 1233 879 -1429 -899 -2738
31 1405 772 -1594 -904 -2542
-29 1607 643 -1847 -781 -2021
-218 1971 904 -1887 -506 -604
-411 3886 753 -1878 146 1305
-920 5695 446 -1709 2152 3317
-2226 4462 -448 -1708 5438 3581
-2583 3383 -306 -2301 7019 3084
-2500 2708 492 -1703 6376 2465
-2662 4864 2040 -557 4178 2520
-2401 5609 2574 -512 1617 2337
-1413 5568 1799 -207 329 1925
-1710 4837 1372 817 494 1682
-2707 5314 1413 1284 -366 809
-1503 4072 1212 173 -2133 -129
-839 4465 959 966 -2600 -409
-1249 4291 703 1072 -2152 -652
-1539 4271 709 955 -2043 -845
-1405 4306 1015 978 -2379 -1062
-1001 4137 1422 957 -2662 -1175
-869 4026 1887 940 -2554 -1147
-381 4200 3041 911 -2157 -1004
-503 4379 4152 405 -577 -888
554 3835 4365 96 -289 -675
-121 4063 1638 141 -788 -41
-665 3734 1627 202 -219 373
-729 4564 1869 455 38 599
-1977 4748 1701 -375 797 420
-1646 5333 1227 -81 202 483
-1250 4922 1117 -222 -608 353
-1049 3857 1419 -1407 -399 -87
-1074 3758 1410 -673 -293 48
-894 4431 1301 92 -88 156
-1048 4278 1211 -187 221 -42
-1057 4281 1088 -229 302 -187
-1041 4142 1096 -200 316 -194
-1206 3943 1191 -370 352 -201
-1273 4017 1253 -71 143 -142
-1236 3919 1272 39 -131 -138
-1124 3858 1290 151 -259 -89
-1174 4044 1326 268 -290 -8
-1223 4036 1376 290 -354 61
-1200 4069 1404 343 -426 128
-1182 4139 1455 459 -435 170
-1154 4235 1479 540 -399 178
-1134 4351 1560 547 -329 141
-1159 4366 1541 467 -163 83
-1193 4358 1619 365 -2 -6
-1225 4311 1548 301 50 -68
-1378 4315 1572 255 32 -103
-1296 4283 1524 221 -100 -110
-1159 4236 1432 128 -283 -107
-1142 4252 1371 61 -249 -85
-1130 4297 1301 6 -169 -52
-1039 4271 1242 -73 -106 -30
-1041 4297 1233 -121 -25 -9
-1035 4322 1227 -136 53 10
-1002 4262 1190 -164 173 28
-1080 4170 1184 -185 284 41
-1179 4131 1179 -170 287 62
-1221 4106 1168 -120 164 103
-1247 4129 1173 -65 29 143
-1214 4160 1159 -15 -105 194
-1162 4174 1135 9 -169 225
-1133 4187 1129 20 -130 257
-1196 4202 1123 15 -26 286
-1258 4243 1078 18 35 308
