-1592 812 4038 -95 145 -87
-1688 788 4002 -109 231 -96
-1789 870 3983 -85 185 -92
-1842 791 3955 -105 156 -115
-1832 689 3966 -101 104 -99
-1935 684 3919 -63 41 -31
-1801 664 3961 -49 -78 33
-1869 758 3969 54 -143 1
-1726 784 3999 43 -172 53
-1647 770 4034 42 -130 23
-1742 822 4005 21 -96 -16
-1788 657 4003 -12 -119 32
-1760 705 3990 36 -156 36
-1720 727 4015 97 -215 35
-1615 887 4014 125 -277 -20
-2155 967 3904 117 -223 -44
-1814 1087 4187 24 -208 -115
-1461 814 4138 -209 -104 -71
-1517 687 4110 -50 -129 -47
-1678 633 4081 -135 57 -64
-1687 713 4057 -56 -22 63
-1860 839 3944 -50 41 40
-1540 937 4084 -9 -85 87
-1724 904 4008 -39 23 72
-1639 799 4027 -82 4 69
-1710 1207 3945 -115 -27 102
-1884 831 3912 -239 -14 227
-1736 886 3937 -163 -87 111
-1801 769 3977 -46 -281 97
-1637 592 4013 -79 -395 154
-1556 475 4077 -49 -502 150
-1373 686 4116 8 -549 181
-1321 779 4087 16 -460 166
-1460 861 4216 -65 -361 139
-1419 405 4277 36 -216 211
-1590 365 4263 308 -81 262
-1526 701 4283 799 -219 354
-1164 901 4155 1142 -330 402
-1114 955 4322 1320 -74 380
-1470 1123 4201 1503 145 551
-1120 1219 4402 1626 43 698
-1134 1483 4229 1623 474 675
-1751 1485 3841 1619 955 904
-1624 1888 3938 1828 893 982
-1143 2197 3989 2163 639 1016
-1161 2219 3647 2236 773 1098
-1758 2459 3124 1978 1458 1250
-2082 2956 2917 2098 1299 1472
-1469 2996 3063 2439 369 1578
-1246 3097 2585 2380 289 1590
-1579 3169 2771 2295 451 1708
-1347 3272 2842 2479 45 1687
-694 3632 2384 2401 -263 1404
-926 4129 1894 2353 -184 1154
-1032 4311 2147 2373 -93 1008
-938 3470 1631 1894 -205 816
-1211 4260 1347 1738 -82 892
-773 4358 1530 1748 46 1147
-1249 4233 2364 1744 200 1456
-680 4193 1614 1721 566 1785
-636 4768 2213 1859 1094 2103
-295 5296 3105 2227 1830 2378
-1640 7667 3339 2286 2715 2612
-2244 7894 2424 1086 3068 2524
-1340 7638 1251 433 2965 1860
260 6413 -860 81 2577 1160
1376 4815 658 -173 2232 452
2386 4172 111 -179 996 -9
824 3932 32 -610 159 -419
1200 3661 -645 -979 -709 -816
1604 3387 -27 -1036 -652 -1242
830 3486 361 -1000 566 -1374
994 3468 440 -1084 1343 -1461
881 3196 366 -1207 2095 -1333
-253 3016 348 -1282 2854 -1160
-742 3103 417 -1122 2315 -1104
-292 3473 588 -862 1143 -1145
253 4001 796 -590 615 -1134
117 4465 834 -476 621 -1007
-286 4699 768 -451 755 -869
-534 4824 712 -456 737 -809
-419 4634 836 -496 639 -863
-417 4279 970 -489 488 -892
-633 4202 1016 -397 292 -817
-864 4163 989 -274 38 -720
-988 4283 1051 -212 -203 -640
-980 4364 1119 -126 -427 -596
-916 4339 1140 -62 -578 -572
-946 4261 1208 -45 -587 -524
-993 4189 1268 23 -600 -426
-943 4099 1333 75 -558 -331
-985 4005 1335 78 -405 -247
-1074 3945 1340 91 -293 -154
-1131 3970 1345 132 -280 -43
-1209 4067 1395 191 -314 109
-1249 4151 1420 228 -360 225
-1218 4183 1417 224 -399 321
-1162 4202 1367 193 -367 376
-1144 4209 1323 167 -279 393
-1199 4237 1327 162 -189 403
-1272 4222 1344 165 -176 406
-1276 4227 1316 154 -212 383
-1322 4210 1326 135 -266 353
-1283 4223 1331 117 -324 303
-1218 4236 1311 95 -338 246
-1224 4227 1290 52 -268 183
-1196 4232 1275 13 -212 128
-1202 4232 1257 -26 -142 83
-1244 4266 1247 -50 -75 45
-1238 4252 1198 -56 -56 11
-1237 4258 1184 -57 -42 -13
-1253 4255 1205 -59 -34 -35
-1236 4299 1187 -52 -43 -48
-1228 4321 1149 -49 -45 -60
-1231 4289 1164 -50 -47 -76
-1233 4283 1220 -36 -74 -87
-1188 4267 1243 -11 -115 -91
-1153 4267 1252 11 -123 -99
-1137 4286 1255 15 -100 -109
-1131 4282 1276 7 -73 -107
-1112 4283 1326 -1 -51 -109
-1089 4295 1352 -16 -36 -110
-1078 4320 1349 -38 13 -100
-1185 4326 1346 -64 87 -88
-1338 4386 1474 -74 151 -94
-1303 4464 1632 -86 256 -179
-1067 4497 1514 -205 480 -282
-1060 4323 1278 -365 994 -407
