-1737 590 4019 2 29 0
-1738 746 4016 44 -5 31
-1676 640 4026 -23 -23 20
-1709 690 4018 -12 -20 36
-1799 680 3984 -18 -31 34
-1876 648 3983 -30 -102 28
-1850 612 3998 -38 -258 21
-1634 634 4070 -9 -378 38
-1493 685 4086 -25 -373 38
-1495 677 4112 -41 -268 52
-1514 666 4106 -42 -160 55
-1584 659 4084 -39 -97 61
-1652 653 4042 -46 -105 63
-2148 683 4073 -65 11 29
61 398 4056 85 -695 229
-3068 1239 3769 -202 -334 -82
-470 162 4366 0 -242 311
-1464 870 4201 -185 -436 60
-1628 981 4054 -51 -134 238
-997 759 4110 -268 -237 134
-1679 964 4036 -47 -13 208
-2055 409 4057 -213 -163 182
-1491 607 4080 -354 -512 39
-1519 434 4172 -99 -289 201
-1021 863 4274 189 -216 229
-860 977 4340 171 -43 26
-1084 1134 4207 82 219 -72
-1180 763 4176 -82 436 -221
-1311 297 4141 130 485 -135
-1313 692 3973 -43 379 -124
-2487 88 3977 182 116 46
-1857 -180 4128 136 -238 103
-1095 755 4299 67 -278 202
-1056 -29 4318 292 184 432
-1135 934 4102 1164 456 573
-1195 1525 3977 1876 1045 750
-1984 1481 4121 2221 1432 876
-1922 2110 4060 2898 729 1012
-1379 1665 4080 2206 315 788
-2129 1506 4007 1849 848 997
-2110 1724 3463 2036 771 1181
-1739 1934 3323 1828 444 1126
-1839 2316 3262 1819 526 1212
-1896 2727 3412 1462 376 1143
-1603 3071 2718 1041 286 1109
-2154 3023 2488 1097 495 1253
-1745 3596 2488 1057 -83 1290
-1254 3636 2572 1124 -455 1346
-1359 3236 2930 1014 -282 1383
-1227 3286 2802 906 -297 1317
-836 3830 2527 792 -244 1173
-1079 3898 2479 706 -50 1051
-1111 3765 2660 584 -57 972
-1363 3480 2671 466 -50 822
-953 3832 2387 250 25 922
-634 3709 2475 152 182 922
-1135 4011 2759 144 342 882
-675 3715 3168 318 499 892
-822 3721 2965 403 729 956
-1606 3682 3409 559 923 1072
-1453 3849 3651 1045 1049 1306
-1268 4802 3501 1553 1590 1653
-1284 6142 2140 1896 2302 1952
-1481 7066 1529 2071 2882 2366
-3969 7442 3944 2370 2516 2396
-1080 6017 -232 1712 977 1504
2585 4470 1011 538 1007 280
1691 4048 801 484 3105 412
-957 3658 556 -304 3438 248
-407 2727 1430 -625 1867 -188
532 2876 1169 -545 1008 -548
497 2528 1351 -1009 1413 -1128
-582 2610 1367 -527 1524 -1059
-979 3650 937 -27 690 -1047
-271 3631 867 -493 -35 -1241
-807 4316 786 -459 578 -1010
-1508 4434 609 -565 984 -837
-951 4083 1020 -627 122 -693
-495 4090 1173 -492 -397 -494
-470 4179 1322 -398 -246 -371
-144 4164 1493 -240 23 -306
-764 4357 1479 -146 163 -404
-788 4234 1395 -281 -50 -370
-908 4316 1209 -140 -63 -326
-522 4079 1154 -38 -68 -185
-1181 4428 1106 147 9 -69
-951 4190 1104 40 -305 -136
-919 4091 1106 57 -469 -95
-994 4064 1179 137 -405 2
-1240 4085 1183 195 -398 77
-1225 4094 1180 216 -516 96
-1282 4107 1160 235 -621 91
-1283 4096 1142 244 -710 80
-1242 4167 1194 298 -745 72
-1165 4136 1243 251 -663 36
-1156 4170 1264 201 -511 10
-1158 4214 1238 204 -316 4
-1188 4169 1246 126 -158 -14
-1217 4149 1261 103 -48 -32
-1273 4212 1287 109 -7 -45
-1267 4139 1304 116 -14 -47
-1183 4075 1308 99 -26 -47
-1147 4180 1266 125 -37 -43
-1137 4249 1249 95 -61 -48
-1091 4070 1290 13 -72 -47
-1101 4213 1266 122 -44 -8
-1132 4196 1248 70 -32 -15
-1152 4191 1233 58 -36 -3
-1172 4222 1191 68 -24 12
-1196 4214 1165 20 -8 15
-1237 4199 1153 12 5 26
-1292 4326 1156 12 29 66
-1282 4160 1147 -41 32 50
-1247 4212 1121 -52 3 72
-1347 4199 1103 -19 4 87
-1311 4255 1087 -41 -65 113
-1313 4180 1075 -50 -56 120
-1345 4294 1075 -54 -25 152
-1361 4237 1090 -76 -2 143
-1357 4227 1109 -95 -4 130
-1384 4239 1109 -84 17 113
-1370 4285 1108 -53 9 77
-1302 4258 1115 -33 -3 48
-1273 4237 1120 -28 29 18
-1179 4309 1084 -36 86 -23
-1117 4260 1060 -65 174 -56
-1047 4244 1033 -107 300 -69
-973 4138 997 -141 434 -38
