-1350 398 4194 -65 -48 65
-1342 417 4212 -63 -58 64
-1346 413 4212 -65 -56 64
-1348 406 4199 -64 -53 60
-1332 394 4203 -63 -55 58
-1339 408 4191 -61 -55 62
-1345 406 4194 -62 -55 63
-1347 400 4191 -65 -52 65
-1351 401 4192 -64 -54 59
-1333 402 4208 -64 -62 66
-1335 408 4215 -66 -62 63
-1332 406 4200 -64 -57 62
-1350 408 4190 -66 -51 67
-1344 399 4197 -64 -57 65
-1323 413 4183 -64 -62 63
-1345 402 4210 -64 -61 64
-1337 408 4200 -62 -60 61
-1333 401 4195 -66 -57 64
-1337 408 4202 -66 -55 53
-1330 400 4184 -66 -57 65
-1334 411 4204 -62 -65 66
-1330 405 4187 -64 -68 55
-1323 406 4182 -66 -60 64
-1322 406 4208 -59 -53 60
-1339 414 4199 -60 -54 61
-1329 416 4192 -64 -57 62
-1351 402 4198 -67 -55 63
-1340 393 4187 -68 -58 61
-1346 404 4194 -60 -70 61
-1306 413 4197 -62 -76 64
-1307 406 4202 -64 -63 66
-1330 397 4190 -64 -43 60
-1359 411 4177 -61 -48 60
-1337 408 4207 -64 -67 61
-1294 407 4190 -63 -79 66
-1308 407 4185 -66 -54 62
-1322 404 4192 -66 -34 61
-1350 405 4199 -63 -35 60
-1315 410 4183 -63 -51 61
-1324 415 4191 -65 -45 63
-1323 403 4181 -66 -31 62
-1268 423 4197 -65 -7 65
-1248 418 4208 -71 68 68
-1396 396 4151 -75 129 64
-1430 387 4159 -74 96 65
-1409 394 4148 -65 51 61
-1358 408 4173 -61 28 67
-1350 417 4173 -63 35 62
-1385 405 4135 -73 72 67
-1386 392 4135 -68 115 68
-1431 408 4152 -62 144 72
-1473 395 4129 -62 134 70
-1452 369 4086 -56 116 69
-1331 406 4124 -37 228 86
-1408 426 4109 -31 302 101
-1644 414 4053 -45 347 100
-1781 426 4008 -40 250 90
-1760 445 4029 -40 74 69
-1668 432 4038 -48 -66 52
-1589 438 4052 -54 -144 40
-1573 431 4078 -61 -168 39
-1585 439 4070 -69 -170 39
-1568 426 4071 -67 -165 43
-1541 416 4096 -69 -169 41
-1504 404 4064 -59 -171 41
-1520 432 4099 -57 -142 52
-1487 431 4101 -68 -129 62
-1555 419 4103 -70 -108 66
-1532 424 4102 -71 -119 76
-1519 433 4111 -66 -140 79
-1492 448 4103 -74 -162 80
-1459 419 4124 -79 -157 65
-1455 418 4116 -73 -142 62
-1450 432 4119 -63 -121 63
-1433 446 4127 -64 -98 53
-1480 445 4114 -74 -82 47
-1473 417 4117 -84 -80 52
-1463 411 4136 -63 -80 59
-1425 418 4130 -60 -77 47
-1436 429 4131 -60 -58 45
-1456 420 4109 -72 -29 53
-1491 418 4146 -71 -23 49
-1471 438 4122 -60 -42 45
-1522 438 4148 -69 -68 42
-1486 432 4110 -81 -80 50
-1410 408 4128 -84 -19 50
-1462 429 4118 -73 29 51
-1533 414 4109 -74 12 59
-1437 401 4109 -63 -29 40
-1386 434 4164 -51 -12 20
-1399 439 4109 -57 66 49
-1539 418 4111 -64 117 56
-1605 415 4071 -63 84 52
-1591 405 4110 -59 7 56
-1505 444 4080 -56 -50 61
-1518 405 4096 -69 -52 58
-1559 418 4082 -69 -56 61
-1566 433 4083 -64 -82 69
-1541 421 4099 -65 -111 63
-1458 407 4091 -69 -111 59
-1381 424 4134 -59 -14 71
-1428 410 4113 -54 128 90
-1574 448 4068 -48 226 94
-1644 449 4033 -46 197 89
-1675 450 4038 -58 118 74
-1654 442 4043 -66 22 59
-1637 428 4062 -64 -40 52
-1578 446 4042 -67 -72 52
-1631 449 4053 -70 -78 48
-1625 433 4035 -77 -115 44
-1596 431 4071 -76 -160 34
-1571 423 4054 -77 -173 28
-1522 424 4083 -80 -164 33
-1513 417 4079 -81 -110 41
-1545 415 4091 -71 -73 55
-1597 421 4077 -73 -67 60
-1596 415 4064 -66 -109 65
-1529 441 4096 -58 -152 61
-1503 430 4083 -66 -158 59
-1516 431 4101 -70 -137 60
-1507 433 4089 -72 -117 54
-1515 402 4101 -73 -112 54
-1558 422 4088 -67 -104 62
-1452 435 4108 -66 -119 56
-1438 423 4127 -64 -110 57
-1436 435 4127 -67 -56 60
-1510 425 4102 -77 2 58
-1537 423 4092 -70 -13 61
