787 110 4595 -56 -87 72
775 96 4600 -65 -67 63
784 98 4517 -75 -74 51
774 101 4512 -78 -112 54
899 129 4615 -71 -162 39
978 159 4586 -80 -145 47
877 87 4442 -94 -51 46
952 78 4475 -75 -62 57
944 104 4521 -59 -71 72
941 129 4548 -55 -51 79
784 119 4495 -57 33 73
745 110 4509 -50 -3 57
881 137 4589 -37 -88 50
876 151 4587 -47 -45 51
873 141 4578 -60 -49 55
914 123 4545 -66 -83 63
836 86 4562 -69 -66 65
842 105 4505 -73 -79 65
847 125 4529 -71 -82 58
885 133 4552 -70 -90 58
866 122 4533 -76 -58 51
900 123 4515 -73 -64 53
900 130 4535 -69 -66 63
874 150 4578 -70 -55 66
850 103 4522 -77 -41 67
860 105 4516 -72 -57 62
872 122 4538 -71 -56 59
861 121 4540 -74 -55 63
889 125 4535 -76 -68 54
898 127 4504 -76 -56 60
863 107 4492 -71 -43 60
868 108 4520 -65 -53 65
837 129 4549 -68 -52 59
898 137 4560 -69 -56 54
860 114 4481 -78 -50 58
869 107 4523 -73 -63 61
863 129 4552 -67 -51 61
848 124 4552 -72 -50 58
899 141 4508 -75 -79 54
852 113 4510 -75 -55 58
876 124 4534 -69 -64 61
838 131 4538 -74 -50 58
872 131 4515 -79 -71 60
898 138 4509 -76 -76 61
870 125 4533 -71 -56 64
889 117 4501 -73 -52 64
839 128 4524 -74 -39 68
865 134 4525 -69 -59 66
875 122 4528 -78 -68 65
861 117 4511 -75 -65 58
870 135 4525 -74 -62 63
865 118 4530 -75 -64 64
892 119 4523 -77 -61 64
862 132 4525 -74 -50 61
876 134 4533 -72 -65 65
879 129 4519 -78 -64 63
860 122 4537 -74 -58 63
878 112 4512 -79 -69 60
863 123 4525 -77 -66 66
885 120 4520 -80 -60 60
882 136 4524 -79 -67 63
893 140 4530 -76 -66 63
870 120 4520 -75 -63 69
879 108 4517 -73 -65 65
886 124 4518 -75 -64 61
884 125 4526 -75 -61 60
886 133 4512 -73 -56 58
870 119 4536 -69 -48 64
878 102 4525 -74 -51 68
874 117 4532 -73 -54 58
890 130 4512 -72 -61 58
883 127 4532 -74 -57 62
895 115 4515 -76 -59 65
870 108 4522 -71 -51 63
840 130 4555 -73 -49 64
875 112 4518 -76 -70 63
909 117 4511 -76 -68 62
874 117 4520 -73 -50 59
866 132 4525 -74 -53 62
875 133 4527 -74 -68 67
882 106 4517 -74 -57 62
882 112 4512 -73 -55 64
888 130 4527 -71 -60 67
877 134 4513 -73 -63 64
857 121 4528 -72 -59 64
864 110 4524 -74 -62 61
883 122 4527 -75 -65 60
901 124 4520 -76 -64 63
855 108 4528 -70 -53 67
874 108 4527 -70 -71 67
882 121 4520 -73 -70 61
895 114 4517 -75 -58 60
892 128 4525 -75 -59 61
877 126 4519 -72 -66 62
882 126 4531 -74 -65 62
893 117 4512 -76 -60 61
897 122 4520 -73 -66 63
881 131 4525 -73 -65 62
878 116 4535 -77 -58 60
893 120 4534 -76 -65 55
910 114 4508 -72 -69 54
876 133 4524 -74 -57 61
890 130 4534 -72 -62 58
878 126 4511 -77 -60 61
896 119 4504 -78 -62 61
889 121 4525 -76 -64 63
919 121 4521 -74 -68 61
886 121 4537 -74 -60 56
883 136 4505 -75 -64 61
885 113 4524 -74 -62 61
899 114 4525 -75 -65 66
905 119 4524 -79 -64 62
896 120 4511 -78 -62 60
894 119 4525 -77 -60 62
882 126 4513 -76 -65 62
901 126 4520 -75 -70 63
901 115 4522 -74 -70 62
913 120 4514 -76 -68 62
896 119 4499 -76 -67 64
897 119 4531 -75 -66 61
908 117 4524 -79 -70 60
917 119 4500 -78 -77 56
899 123 4519 -74 -60 62
911 111 4518 -76 -64 59
911 118 4505 -75 -55 61
904 119 4522 -78 -55 61
902 123 4501 -76 -66 59
910 114 4499 -74 -69 61
