-5675 187 700 -2339 -3798 2182
-3307 -72 1348 -2027 -6993 2439
-915 366 2383 -1379 -6461 2793
-1372 971 2369 -962 -3408 2999
-3024 507 2139 -979 -1459 3106
-4744 1159 2817 -543 -1509 3026
-3645 1305 3115 -436 -1923 2734
-2365 1204 3044 -192 -1342 2377
-1298 1091 2345 -13 210 2100
-1989 1134 2057 350 2269 1988
-3001 1129 2029 662 2714 2000
-2463 1474 2070 847 2401 1975
-3999 1821 2206 1090 2185 1968
-4226 2509 3374 1082 613 2008
-4337 2505 4716 1119 -1227 1791
-2388 2830 4857 924 -1576 1153
-2815 2785 4400 452 839 816
-2771 2828 2819 58 2560 548
-2887 2110 1816 169 1498 615
-2022 2563 1948 597 -78 628
-3178 3360 2379 771 18 558
-1240 3841 2183 623 857 382
-2384 3491 1273 353 1693 454
-2603 4234 517 425 1103 448
-2926 3735 -500 515 89 389
-1679 4971 323 988 -914 457
-1036 3804 1989 890 -743 558
-2393 3097 1409 428 -5 458
-2073 3729 1439 521 -307 345
-1880 3860 1515 438 -267 319
-1905 3825 1340 357 -73 324
-2393 3682 1062 229 -11 331
-2302 3460 1000 95 -346 292
-1744 3868 1230 102 -455 285
-1869 3949 1251 -59 -149 267
-1947 3702 1227 -213 -67 240
-2013 3718 1457 -211 -57 241
-1958 3743 1415 -248 -105 222
-1933 3733 1353 -270 -39 219
-1909 3773 1449 -257 3 229
-1984 3734 1506 -245 16 232
-1913 3698 1504 -230 -4 208
-1860 3744 1555 -191 -14 189
-1883 3819 1482 -170 -96 152
-1862 3794 1217 -185 -158 110
-1912 3809 1407 -209 -84 63
-1885 3752 1564 -214 -89 48
-1866 3766 1474 -256 -137 27
-1830 3802 1358 -292 -120 12
-1831 3807 1562 -319 -89 20
-1857 3748 1561 -309 -40 25
-1915 3693 1591 -312 36 19
-1906 3702 1681 -283 11 36
-1837 3693 1662 -234 -43 43
-1913 3685 1666 -196 22 35
-1918 3679 1663 -147 14 34
-1908 3691 1628 -112 -6 34
-1951 3645 1559 -100 -9 36
-1914 3742 1632 -70 -42 47
-1995 3718 1672 -42 -48 74
-1932 3654 1630 -32 -103 72
-1876 3690 1562 -20 -92 69
-1925 3774 1544 -27 -68 73
-1884 3690 1645 -28 -88 63
-1917 3708 1541 -41 -83 56
-1918 3733 1527 -64 -57 52
-1922 3732 1535 -94 -51 53
-1893 3708 1625 -103 -68 55
-1913 3704 1588 -114 -49 46
-1910 3719 1589 -126 -41 48
-1884 3695 1648 -123 -41 51
-1925 3697 1599 -116 -46 47
-1911 3705 1591 -119 -61 46
-1903 3696 1627 -112 -40 47
-1912 3708 1651 -101 -50 54
-1939 3660 1626 -92 -53 56
-1916 3704 1622 -75 -67 64
-1892 3701 1640 -60 -72 67
-1929 3678 1597 -60 -66 60
-1906 3709 1620 -52 -75 62
-1939 3696 1609 -54 -67 61
-1883 3705 1622 -58 -83 60
-1936 3712 1568 -65 -69 59
-1907 3703 1589 -80 -60 60
-1918 3697 1630 -87 -49 58
-1901 3704 1602 -92 -43 50
-1917 3708 1624 -92 -54 48
-1909 3684 1612 -92 -48 50
-1931 3698 1588 -92 -42 57
-1917 3693 1640 -89 -51 65
-1890 3689 1633 -80 -65 56
-1921 3713 1599 -78 -54 48
-1931 3685 1618 -76 -50 51
-1919 3687 1626 -73 -61 60
-1899 3703 1607 -72 -57 57
-1942 3690 1606 -71 -54 59
-1910 3677 1644 -72 -69 54
-1922 3702 1587 -74 -58 50
-1921 3703 1596 -78 -50 52
-1921 3698 1617 -84 -50 53
-1927 3686 1662 -84 -57 55
-1921 3686 1594 -83 -62 49
-1911 3695 1635 -76 -63 55
-1924 3687 1617 -71 -55 57
-1934 3700 1623 -71 -64 56
-1929 3677 1618 -69 -63 57
-1920 3697 1614 -62 -61 62
-1920 3694 1631 -65 -67 62
-1914 3690 1602 -65 -64 55
-1942 3705 1612 -69 -60 55
-1894 3696 1622 -75 -60 51
-1922 3689 1610 -74 -52 59
-1939 3684 1613 -82 -52 59
-1889 3686 1634 -79 -61 62
-1926 3706 1622 -73 -54 60
-1933 3697 1622 -70 -59 55
-1902 3695 1629 -68 -69 62
-1942 3695 1623 -62 -56 59
-1935 3698 1599 -65 -65 57
-1905 3704 1614 -67 -63 61
-1910 3692 1625 -68 -54 62
-1915 3697 1609 -66 -59 52
-1910 3701 1602 -67 -68 53
-1934 3693 1607 -70 -54 64
-1914 3682 1614 -74 -54 66
-1906 3714 1599 -76 -61 62
-1923 3684 1603 -77 -62 59
-1903 3702 1634 -77 -54 60
