-2564 1053 3232 -101 -39 96
-2505 1060 3263 -68 -80 78
-2541 1054 3266 -59 -50 84
-2591 1073 3273 -45 -34 82
-2525 1097 3299 -32 -75 66
-2485 1096 3323 -33 -61 68
-2507 1096 3321 -39 -30 75
-2585 1082 3320 -42 -33 74
-2510 1089 3321 -37 -94 68
-2481 1130 3348 -48 -80 69
-2502 1112 3332 -62 -47 79
-2571 1088 3319 -64 -49 83
-2512 1099 3329 -67 -103 76
-2463 1122 3319 -75 -90 75
-2491 1099 3287 -79 -40 86
-2559 1086 3300 -73 -39 83
-2503 1114 3296 -65 -77 77
-2509 1112 3301 -69 -52 78
-2553 1118 3305 -64 -44 76
-2544 1105 3320 -56 -77 63
-2494 1105 3305 -58 -81 52
-2511 1134 3301 -61 -52 53
-2498 1125 3297 -62 -44 58
-2519 1104 3303 -62 -32 54
-2491 1117 3321 -59 -36 56
-2480 1126 3349 -67 -45 75
-2255 1154 3462 -84 -116 100
-2249 1126 3387 -98 -89 122
-2266 1070 3472 -142 36 144
-2265 1076 3241 -141 43 161
-2879 936 3129 -117 514 58
-3361 1053 2978 -67 710 -74
-2862 1178 3055 -62 213 -149
-2289 1116 3057 -30 -186 -181
-2467 1135 3142 -17 -66 -142
-2700 1055 3112 -20 270 -82
-2647 974 3156 -38 216 -14
-2522 1071 3306 -18 -67 53
-2746 1065 3368 -51 90 85
-2535 1147 3119 -109 50 112
-2628 1087 3360 -135 35 147
-2825 1159 3181 -144 143 155
-2879 1086 3103 -178 158 111
-2590 1149 3039 -176 21 100
-2817 1066 3028 -173 168 108
-2773 1034 2947 -160 112 94
-2655 1059 3019 -128 -30 99
-2900 1025 3038 -116 94 92
-2810 1044 2963 -99 22 59
-2670 1038 2965 -77 -68 45
-2858 1065 2987 -55 -5 50
-2791 1016 3043 -50 -23 45
-2609 1095 2952 -38 -166 34
-2823 1071 3150 -14 -114 38
-2976 1024 3192 -49 -52 4
-2813 1081 3131 -76 -183 -25
-2584 1125 3086 -73 -231 -32
-2497 1110 2996 -50 -229 -28
-2593 1068 3164 -32 -249 10
-2715 1004 3184 -61 -274 28
-2728 1038 3138 -85 -300 33
-2713 1020 3092 -109 -253 25
-2758 1011 3049 -127 -213 3
-2703 961 3199 -125 -307 -11
-2510 997 3220 -101 -345 -6
-2547 1007 3167 -108 -189 -16
-2614 969 3155 -108 -82 14
-2613 952 3168 -90 -97 45
-2574 975 3242 -68 -153 55
-2567 1029 3177 -62 -165 69
-2686 996 3157 -64 -84 63
-2704 962 3208 -52 -88 63
-2659 952 3219 -55 -118 38
-2587 1000 3243 -52 -129 27
-2631 1032 3289 -52 -84 25
-2599 972 3248 -60 -54 3
-2569 969 3205 -57 -83 14
-2522 958 3250 -47 -94 25
-2562 980 3271 -45 -76 41
-2606 980 3260 -44 -66 52
-2610 979 3249 -50 -63 58
-2607 993 3262 -50 -66 55
-2577 997 3289 -59 -92 51
-2515 996 3298 -63 -111 62
-2628 973 3226 -73 -22 58
-2603 974 3226 -67 -54 54
-2553 993 3204 -58 -87 69
-2556 991 3257 -58 -78 81
-2620 958 3250 -51 -48 74
-2657 979 3249 -52 -42 64
-2569 991 3230 -48 -83 57
-2569 1013 3265 -50 -66 55
-2606 1002 3279 -53 -39 61
-2597 985 3248 -55 -35 51
-2601 1005 3249 -54 -42 45
-2610 1016 3270 -52 -63 54
-2507 1016 3251 -55 -78 56
-2545 997 3285 -66 -59 73
-2621 971 3299 -69 -34 78
-2657 1000 3285 -70 -51 77
-2592 1018 3261 -75 -79 65
-2593 1034 3267 -79 -78 54
-2593 989 3233 -84 -33 55
-2646 992 3256 -82 -37 52
-2551 995 3239 -72 -88 51
-2604 1002 3246 -70 -75 56
-2606 985 3266 -69 -73 56
-2610 980 3282 -71 -75 52
-2612 1008 3268 -72 -84 48
-2580 1007 3255 -70 -91 43
-2537 992 3245 -76 -83 52
-2536 958 3280 -73 -61 67
-2595 969 3273 -65 -68 73
-2596 1006 3303 -65 -97 76
-2563 1018 3273 -69 -112 74
-2569 1015 3262 -77 -76 69
-2593 978 3255 -79 -44 63
-2607 973 3255 -80 -48 64
-2576 978 3245 -75 -73 68
-2569 998 3251 -66 -91 69
-2590 995 3263 -63 -98 75
-2568 1011 3280 -63 -88 72
-2539 1003 3275 -65 -94 69
-2557 982 3238 -66 -91 77
-2586 984 3276 -67 -75 63
-2554 1012 3273 -72 -68 60
-2550 1013 3286 -81 -50 59
-2562 1003 3268 -79 -42 61
