-3043 919 2700 -51 -115 31
-2966 957 2814 -43 -157 27
-2892 989 2900 -47 -189 39
-2882 1005 2926 -79 -179 68
-2889 924 2865 -112 -165 84
-2934 886 2864 -130 -175 95
-2954 860 2882 -133 -220 93
-2908 863 2969 -109 -273 77
-2827 977 3023 -88 -287 72
-2735 1108 3015 -82 -263 85
-2714 1161 3078 -95 -252 108
-2710 1167 3171 -138 -280 127
-2751 1077 3138 -194 -225 117
-2819 980 2965 -227 -149 123
-2830 981 2961 -211 -146 108
-2793 1001 3044 -172 -205 83
-2735 1022 3094 -141 -260 83
-2727 999 3086 -162 -262 98
-2693 1001 3121 -177 -225 112
-2653 1063 3267 -156 -212 99
-2534 1167 3222 -144 -227 68
-2553 1022 3092 -192 -160 113
-2555 1002 3110 -196 -86 142
-2746 961 3281 -188 -53 143
-2731 879 3309 -183 -132 76
-2697 888 3179 -142 -141 35
-2581 809 3060 -125 -123 36
-2655 793 3048 -122 -54 23
-2835 697 3100 -50 -21 23
-2751 902 3124 9 -38 -28
-2752 1044 3005 34 7 -22
-2806 1043 2946 -2 57 -10
-2890 991 2977 -68 41 31
-2951 933 2990 -141 -31 100
-2787 864 3015 -196 -146 169
-2686 787 3029 -216 -240 236
-2825 926 3268 -202 -195 273
-2796 954 3252 -206 -162 264
-2606 1007 3200 -191 -266 236
-2726 1039 3132 -161 -235 198
-2586 1043 3148 -151 -255 123
-2563 949 3243 -142 -263 86
-2469 942 3298 -114 -277 69
-2359 890 3317 -96 -219 60
-2502 900 3292 -56 -52 57
-2609 895 3264 -35 33 55
-2669 912 3230 -24 32 44
-2664 940 3209 -21 8 23
-2627 954 3212 -32 11 22
-2668 943 3181 -42 12 30
-2692 933 3196 -53 -6 36
-2680 944 3195 -58 -27 42
-2713 949 3201 -64 -45 58
-2686 928 3181 -66 -43 63
-2710 947 3145 -67 -56 68
-2679 947 3188 -65 -75 72
-2639 959 3213 -68 -95 73
-2613 955 3222 -67 -92 69
-2628 956 3250 -70 -82 68
-2619 941 3257 -67 -83 59
-2606 940 3230 -61 -72 53
-2601 925 3221 -61 -58 51
-2632 925 3221 -63 -39 53
-2714 930 3194 -61 -78 64
-2756 968 3184 -52 -187 54
-2678 957 3196 -54 -261 41
-2549 975 3261 -63 -276 42
-2498 956 3262 -75 -190 49
-2533 966 3285 -83 -86 60
-2565 954 3253 -79 -38 63
-2604 943 3241 -79 -14 63
-2600 931 3247 -73 -1 67
-2606 913 3251 -73 13 65
-2569 932 3246 -68 4 71
-2613 951 3259 -76 6 71
-2597 955 3243 -80 1 71
-2595 940 3221 -85 16 77
-2571 951 3181 -87 34 88
-2703 981 3202 -90 50 91
-2615 945 3216 -89 62 73
-2589 919 3101 -65 80 63
-2550 960 3153 -55 30 75
-2691 975 3189 -66 -36 79
-2852 987 3141 -66 -63 84
-2663 971 3140 -78 -96 50
-2602 941 3186 -69 -73 58
-2821 946 3151 -63 -42 60
-2626 945 3205 -54 -162 50
-2442 940 3309 -58 -80 52
-2554 928 3267 -41 135 77
-3005 1040 3149 -7 84 87
-2833 922 3107 -17 -159 59
-2718 951 3220 12 -290 41
-2587 969 3210 74 -234 48
-2543 943 3197 90 -199 64
-2448 1087 3281 45 -209 71
-2595 1112 3342 2 -127 80
-2574 1020 3198 -20 -60 69
-2579 969 3178 -24 27 70
-2628 1044 3207 -21 45 67
-2665 1038 3196 -32 -34 59
-2696 1012 3125 -28 -96 68
-2639 1028 3198 -19 -122 62
-2678 1083 3284 -6 -105 57
-2462 1002 3190 -8 -78 43
-2454 1035 3219 -2 9 55
-2609 1114 3387 -11 95 72
-2751 1045 3186 -20 72 75
-2622 1035 3159 -30 -33 71
-2654 1067 3170 -33 -59 65
-2608 1051 3199 -38 -84 63
-2598 1065 3133 -40 -93 71
-2646 1107 3150 -41 -101 71
-2585 1104 3217 -53 -105 66
-2625 1069 3233 -58 -94 62
-2607 1042 3147 -53 -89 66
-2625 1090 3202 -50 -76 69
-2589 1100 3231 -56 -104 69
-2573 1143 3333 -67 -97 68
-2569 1043 3162 -98 -10 67
-2584 1114 3166 -107 30 64
-2674 1165 3483 -121 58 50
-2607 1079 3552 -242 177 47
-2605 933 2725 -341 220 80
-2775 1170 3024 -222 -69 144
-2554 1058 3159 -170 -161 120
-2575 1035 3261 -144 31 76
-2570 1010 3162 -173 151 51
