2500 -2422 2142 -70 74 71
2523 -2439 2179 -56 -36 62
2563 -2452 2194 -62 -55 53
2566 -2441 2171 -54 -36 61
2644 -2430 2126 -40 -38 68
2617 -2462 2151 -27 -21 82
2555 -2451 2204 -21 -8 96
2509 -2421 2219 -17 -17 106
2533 -2417 2240 -3 -57 100
2561 -2439 2232 -2 -71 90
2576 -2395 2273 -12 -58 97
2514 -2397 2278 -25 -20 81
2521 -2439 2265 -30 -23 72
2524 -2430 2243 -34 -35 70
2554 -2416 2266 -35 -26 67
2527 -2421 2319 -44 0 73
2539 -2416 2281 -48 -25 72
2483 -2423 2275 -50 -33 72
2515 -2395 2281 -60 -64 68
2554 -2411 2288 -66 -75 55
2554 -2412 2289 -73 -57 55
2513 -2427 2258 -80 -51 53
2512 -2420 2235 -80 -77 46
2534 -2431 2244 -77 -80 44
2519 -2448 2269 -77 -59 47
2586 -2419 2258 -76 -66 45
2521 -2425 2228 -76 -53 54
2534 -2419 2222 -72 -58 54
2558 -2424 2272 -66 -75 52
2572 -2412 2230 -65 -68 52
2528 -2420 2218 -65 -51 53
2551 -2428 2253 -63 -52 48
2556 -2419 2290 -65 -54 52
2527 -2424 2263 -66 -67 51
2564 -2399 2258 -58 -72 51
2569 -2416 2252 -64 -51 47
2582 -2420 2289 -68 -50 46
2553 -2400 2315 -70 -55 54
2538 -2397 2282 -76 -63 61
2539 -2407 2256 -81 -68 54
2565 -2413 2275 -84 -78 51
2574 -2404 2262 -91 -94 54
2532 -2417 2231 -91 -86 55
2554 -2427 2227 -87 -87 50
2581 -2422 2239 -82 -96 49
2592 -2421 2215 -78 -86 58
2556 -2412 2221 -74 -62 61
2534 -2420 2225 -69 -66 64
2587 -2420 2211 -63 -80 57
2595 -2414 2223 -64 -63 57
2553 -2420 2232 -58 -53 63
2562 -2414 2241 -53 -60 60
2572 -2421 2262 -58 -61 59
2573 -2411 2251 -60 -57 61
2567 -2408 2249 -61 -60 64
2563 -2409 2265 -59 -63 61
2545 -2423 2243 -61 -67 68
2579 -2399 2239 -65 -76 61
2613 -2405 2228 -66 -73 59
2597 -2412 2267 -68 -61 55
2535 -2411 2254 -69 -49 63
2527 -2421 2261 -69 -57 60
2568 -2412 2280 -67 -80 59
2566 -2405 2240 -68 -82 57
2567 -2403 2221 -71 -75 55
2559 -2428 2246 -76 -69 57
2587 -2408 2222 -74 -79 60
2571 -2407 2206 -73 -73 60
2564 -2424 2226 -71 -56 55
2587 -2410 2264 -69 -66 56
2550 -2423 2218 -75 -54 58
2577 -2407 2189 -73 -66 53
2612 -2400 2235 -64 -68 55
2583 -2414 2244 -70 -49 61
2578 -2407 2235 -69 -57 63
2589 -2413 2209 -66 -60 58
2581 -2405 2224 -62 -49 58
2569 -2407 2245 -64 -52 63
2576 -2397 2236 -63 -62 60
2558 -2426 2226 -68 -52 59
2576 -2412 2224 -67 -56 60
2576 -2410 2239 -67 -52 55
2573 -2414 2232 -68 -57 64
2546 -2427 2212 -68 -56 57
2576 -2408 2229 -66 -62 59
2593 -2405 2232 -67 -60 55
2579 -2399 2217 -64 -56 59
2554 -2405 2234 -66 -49 55
2568 -2408 2251 -67 -54 57
2591 -2408 2236 -68 -67 52
2570 -2407 2231 -70 -60 56
2580 -2413 2233 -72 -59 57
2568 -2420 2216 -73 -66 55
2593 -2400 2205 -74 -65 59
2587 -2409 2229 -74 -53 56
2570 -2410 2212 -70 -48 58
2574 -2410 2241 -69 -55 53
2593 -2402 2213 -70 -60 55
2585 -2401 2183 -68 -54 58
2552 -2408 2230 -65 -51 56
2581 -2407 2231 -67 -65 52
2583 -2403 2216 -68 -60 53
2580 -2401 2205 -69 -50 58
2554 -2411 2234 -67 -54 54
2561 -2400 2223 -70 -62 61
2627 -2390 2199 -71 -69 50
2600 -2407 2216 -71 -52 53
2546 -2409 2229 -68 -44 60
2560 -2408 2220 -66 -65 58
2584 -2397 2223 -67 -62 56
2583 -2389 2232 -68 -56 53
2578 -2404 2224 -70 -61 56
2575 -2395 2215 -72 -59 54
2603 -2402 2221 -74 -56 55
2568 -2404 2207 -70 -50 56
2577 -2400 2228 -67 -61 56
2579 -2400 2224 -70 -60 55
2583 -2405 2220 -71 -59 54
2571 -2395 2192 -72 -63 51
2599 -2397 2215 -68 -56 48
2579 -2413 2222 -68 -49 53
2587 -2394 2190 -68 -53 57
2595 -2402 2212 -66 -51 55
2578 -2400 2224 -67 -50 56
2582 -2407 2237 -73 -54 56
2587 -2388 2213 -68 -62 58
2588 -2394 2227 -74 -53 54
2584 -2408 2223 -73 -56 56
