2562 -2371 2329 -72 -71 65
2551 -2365 2309 -70 -48 66
2535 -2360 2351 -55 -37 65
2557 -2362 2362 -51 -44 59
2530 -2346 2382 -56 -35 66
2511 -2346 2395 -51 -39 68
2526 -2356 2391 -56 -63 57
2542 -2362 2375 -66 -62 60
2543 -2348 2400 -68 -51 60
2535 -2358 2368 -68 -52 64
2527 -2349 2371 -67 -55 60
2541 -2348 2376 -77 -50 58
2532 -2360 2377 -79 -42 52
2540 -2361 2377 -75 -54 59
2506 -2368 2395 -77 -55 59
2514 -2362 2374 -79 -65 57
2504 -2357 2349 -82 -62 55
2543 -2367 2349 -80 -70 48
2551 -2370 2381 -80 -65 47
2492 -2362 2371 -82 -54 62
2493 -2367 2342 -80 -68 53
2580 -2365 2341 -76 -91 49
2558 -2361 2353 -78 -70 56
2530 -2350 2348 -75 -67 62
2564 -2358 2312 -71 -85 50
2553 -2372 2319 -71 -65 49
2553 -2358 2349 -74 -52 53
2553 -2354 2358 -68 -61 61
2540 -2358 2338 -69 -54 58
2532 -2363 2342 -71 -60 53
2545 -2360 2347 -73 -67 54
2569 -2347 2353 -70 -69 55
2553 -2351 2327 -69 -57 59
2526 -2372 2329 -70 -55 62
2557 -2356 2328 -70 -75 58
2554 -2360 2332 -66 -65 62
2538 -2361 2330 -66 -60 62
2536 -2356 2353 -64 -57 59
2526 -2370 2348 -72 -62 56
2556 -2349 2323 -67 -74 58
2543 -2363 2338 -72 -63 59
2554 -2365 2347 -72 -63 53
2559 -2361 2322 -74 -59 50
2569 -2362 2331 -71 -54 53
2546 -2363 2325 -68 -45 54
2554 -2350 2350 -63 -52 56
2560 -2354 2331 -69 -60 57
2561 -2366 2325 -71 -58 52
2565 -2364 2321 -68 -55 57
2536 -2354 2353 -67 -51 61
2551 -2343 2332 -73 -62 60
2545 -2360 2326 -74 -55 57
2563 -2359 2336 -66 -56 57
2532 -2364 2352 -71 -56 55
2541 -2344 2310 -74 -61 53
2600 -2353 2296 -67 -55 55
2583 -2360 2358 -63 -38 54
2519 -2363 2360 -69 -27 59
2523 -2350 2347 -62 -53 56
2557 -2355 2339 -68 -56 52
2561 -2344 2345 -69 -52 57
2546 -2343 2339 -72 -51 51
2567 -2358 2324 -75 -55 48
2551 -2355 2342 -72 -51 53
2558 -2354 2339 -71 -46 53
2545 -2364 2363 -70 -45 53
2554 -2355 2357 -73 -51 57
2534 -2357 2344 -77 -54 54
2572 -2347 2316 -73 -63 51
2589 -2358 2337 -74 -56 47
2557 -2355 2320 -71 -42 54
2548 -2356 2334 -74 -36 52
2554 -2357 2338 -70 -50 51
2540 -2345 2329 -74 -41 48
2565 -2340 2333 -72 -50 51
2558 -2359 2329 -74 -41 51
2583 -2346 2318 -70 -44 51
2552 -2356 2343 -74 -39 58
2518 -2349 2373 -67 -51 59
2558 -2338 2325 -72 -64 58
2546 -2358 2317 -73 -51 63
2574 -2343 2352 -67 -57 60
2558 -2333 2375 -69 -47 60
2502 -2342 2320 -79 -49 72
2627 -2345 2337 -69 -91 63
2530 -2361 2345 -76 -16 58
2525 -2347 2355 -76 -50 64
2564 -2342 2352 -65 -82 55
2536 -2367 2324 -84 -45 52
2564 -2338 2350 -68 -57 59
2553 -2357 2344 -77 -48 56
2568 -2344 2327 -73 -55 52
2541 -2368 2344 -78 -45 50
2559 -2355 2366 -71 -54 53
2540 -2356 2338 -70 -51 58
2551 -2345 2329 -73 -49 50
2622 -2348 2336 -66 -55 47
2543 -2351 2345 -71 -28 53
2499 -2351 2360 -73 -40 61
2544 -2351 2335 -69 -68 51
2572 -2352 2338 -73 -55 50
2554 -2358 2331 -76 -42 55
2547 -2341 2336 -71 -63 55
2584 -2330 2327 -68 -63 53
2562 -2356 2328 -76 -43 51
2551 -2354 2338 -70 -54 55
2541 -2348 2349 -72 -63 55
2549 -2360 2318 -72 -66 57
2545 -2356 2317 -74 -52 52
2583 -2343 2345 -67 -55 50
2565 -2343 2342 -70 -50 56
2555 -2345 2343 -67 -49 51
2532 -2360 2345 -68 -54 57
2567 -2346 2359 -66 -68 53
2549 -2344 2346 -69 -57 58
2544 -2338 2347 -70 -58 55
2567 -2342 2354 -72 -58 53
2562 -2348 2353 -74 -52 50
2552 -2353 2341 -71 -58 57
2561 -2352 2346 -72 -57 55
2565 -2351 2334 -71 -52 52
2551 -2340 2349 -71 -56 56
2553 -2355 2345 -74 -56 56
2558 -2357 2333 -71 -54 50
2555 -2343 2333 -73 -51 54
2565 -2347 2353 -70 -54 55
2543 -2352 2338 -72 -49 54
2561 -2350 2338 -73 -53 54
