-1003 697 4363 -6 -59 115
-1595 463 4134 -104 181 64
-1226 646 4184 -89 45 33
-1313 541 4191 -131 -44 46
-1384 509 4197 -115 1 53
-1309 576 4189 -51 -34 89
-1365 614 4223 -21 -1 119
-1383 565 4184 -42 -51 106
-1366 580 4112 -8 -76 122
-2035 701 4379 23 -40 134
-951 477 4125 -27 -249 122
-1320 844 4305 -61 -110 122
-1251 735 4184 -46 -162 96
-1309 569 4208 -80 -128 118
-1287 606 4204 -60 -137 107
-1195 564 4259 -36 -157 114
-1256 646 4232 -52 -107 95
-1251 656 4238 -50 -75 77
-951 247 4146 -100 -8 26
-1187 876 4322 -74 169 -12
-1323 893 4157 -55 8 22
-1400 725 4165 -76 98 -23
-1461 695 4156 -96 -4 20
-1542 587 4153 -71 -65 59
-1417 574 4185 -51 -212 85
-1234 635 4247 -32 -289 90
-1049 666 4250 -18 -264 99
-1284 635 4235 -105 -51 94
-1198 479 4230 -62 21 71
-1270 556 4190 -76 3 69
-1308 612 4215 -76 27 64
-1248 634 4199 -78 0 62
-1253 673 4220 -73 29 53
-1281 662 4177 -84 67 50
-1356 621 4169 -92 79 52
-1520 589 4146 -77 36 58
-1384 606 4177 -65 -71 62
-1286 646 4198 -66 -124 62
-1219 633 4205 -68 -83 68
-1298 651 4191 -77 -13 62
-1347 648 4176 -79 17 59
-1365 649 4175 -77 -8 56
-1349 633 4184 -79 -30 55
-1344 623 4172 -80 -37 59
-1343 634 4188 -72 -37 52
-1318 648 4168 -68 -37 58
-1317 649 4195 -71 -21 56
-1355 626 4171 -80 -3 55
-1371 633 4175 -77 4 54
-1344 647 4184 -72 1 51
-1361 644 4167 -73 9 57
-1405 629 4166 -80 5 59
-1395 625 4150 -78 -18 54
-1367 618 4155 -75 -39 54
-1352 622 4151 -76 -33 53
-1413 629 4134 -75 -19 54
-1414 617 4139 -72 -29 53
-1362 628 4149 -65 -48 56
-1379 641 4153 -67 -43 55
-1383 633 4151 -72 -41 56
-1382 619 4157 -75 -38 60
-1352 626 4148 -70 -33 57
-1361 635 4155 -70 -5 60
-1399 621 4145 -80 29 59
-1398 616 4142 -79 41 58
-1391 629 4139 -73 45 60
-1393 639 4116 -73 54 55
-1458 629 4116 -82 70 61
-1487 606 4141 -82 70 59
-1471 621 4115 -69 52 55
-1498 635 4124 -62 18 58
-1485 636 4106 -75 -39 50
-1455 625 4128 -81 -65 53
-1426 615 4114 -78 -53 55
-1475 626 4127 -75 -24 55
-1485 625 4105 -73 -28 56
-1459 622 4112 -80 -46 54
-1441 622 4124 -80 -47 54
-1473 623 4111 -76 -36 53
-1520 606 4110 -75 -42 54
-1486 634 4104 -71 -69 56
-1449 630 4125 -73 -73 59
-1452 618 4102 -72 -62 51
-1493 609 4093 -72 -53 56
-1486 623 4112 -61 -75 49
-1450 641 4112 -60 -78 55
-1498 625 4106 -70 -70 65
-1517 593 4088 -77 -85 68
-1476 630 4115 -59 -122 68
-1404 647 4131 -61 -135 73
-1383 604 4123 -70 -115 78
-1410 621 4137 -68 -74 83
-1414 629 4120 -50 -39 93
-1537 646 4117 -38 -36 105
-1889 515 4017 -65 -39 57
-914 735 4119 -126 -177 56
-1769 558 4281 -112 23 65
-1236 792 4160 -52 -51 66
-1385 757 4144 -51 -149 51
-1337 659 4140 -124 4 34
-1482 584 4128 -104 35 32
-1472 623 4110 -70 29 38
-1465 685 4124 -62 2 43
-1474 633 4124 -96 12 45
-1487 590 4089 -108 -13 43
-1482 577 4111 -93 -31 43
-1406 594 4110 -76 -45 49
-1499 655 4114 -57 -9 56
-1536 649 4088 -68 -4 59
-1514 645 4103 -78 -41 58
-1422 649 4130 -84 -51 52
-1459 613 4103 -89 -8 40
-1521 589 4092 -95 23 41
-1522 586 4090 -86 8 48
-1519 597 4091 -80 -24 51
-1494 616 4094 -67 -50 63
-1515 610 4093 -67 -57 68
-1504 614 4101 -72 -63 70
-1512 630 4082 -66 -68 73
-1546 613 4088 -65 -84 76
-1493 636 4094 -67 -108 81
-1460 633 4117 -65 -126 81
-1453 626 4101 -68 -105 78
-1483 604 4114 -69 -91 75
-1533 604 4097 -64 -90 78
-1520 633 4097 -59 -130 87
-1455 613 4118 -66 -159 116
-1420 621 4128 -64 -166 117
