-1406 655 4190 -52 -51 59
-1368 671 4173 -55 -72 60
-1355 656 4199 -68 -77 57
-1361 665 4179 -65 -67 60
-1342 686 4196 -48 -56 53
-1349 653 4193 -60 -42 45
-1351 637 4196 -65 -22 34
-1396 665 4176 -57 -8 36
-1400 664 4153 -67 -21 42
-1405 655 4175 -82 -43 56
-1381 660 4177 -74 -59 59
-1373 661 4195 -69 -59 60
-1358 673 4175 -69 -55 61
-1366 669 4179 -72 -47 61
-1419 674 4156 -75 -31 61
-1393 646 4169 -85 -51 64
-1367 643 4165 -76 -68 69
-1349 661 4184 -69 -66 64
-1386 661 4166 -66 -47 61
-1399 672 4171 -68 -47 59
-1376 660 4159 -73 -54 60
-1386 657 4170 -70 -59 62
-1398 663 4152 -67 -63 60
-1387 669 4175 -68 -75 67
-1360 667 4170 -74 -79 61
-1372 663 4164 -71 -70 65
-1379 664 4156 -67 -68 61
-1383 675 4155 -65 -76 63
-1355 669 4177 -70 -86 71
-1347 661 4176 -81 -78 77
-1367 652 4175 -77 -69 76
-1354 671 4150 -69 -66 65
-1364 670 4161 -71 -66 74
-1355 681 4159 -78 -56 69
-1346 667 4171 -87 -42 71
-1364 670 4158 -79 -33 67
-1381 644 4157 -76 -42 67
-1381 671 4161 -67 -56 60
-1356 668 4141 -70 -72 60
-1328 649 4187 -71 -86 63
-1370 662 4172 -60 -79 57
-1364 680 4166 -57 -95 61
-1323 696 4177 -61 -101 55
-1301 677 4181 -76 -78 54
-1352 661 4174 -81 -40 53
-1370 665 4164 -78 -38 55
-1367 654 4163 -77 -48 56
-1367 654 4166 -75 -59 57
-1370 661 4166 -70 -60 60
-1363 667 4169 -67 -63 58
-1348 668 4157 -67 -64 58
-1385 670 4175 -67 -79 60
-1357 667 4174 -67 -92 57
-1350 676 4186 -69 -90 62
-1341 681 4180 -69 -87 62
-1304 669 4190 -76 -78 56
-1319 674 4172 -79 -52 56
-1335 658 4162 -82 -44 60
-1348 659 4174 -80 -42 59
-1321 664 4177 -76 -51 61
-1362 662 4167 -73 -43 57
-1334 662 4152 -70 -43 56
-1366 674 4169 -65 -41 56
-1363 684 4166 -63 -57 59
-1333 676 4162 -74 -57 57
-1350 666 4177 -77 -51 59
-1369 655 4157 -76 -54 57
-1356 662 4183 -69 -64 57
-1349 668 4155 -68 -64 58
-1340 661 4172 -72 -66 60
-1347 667 4158 -72 -58 56
-1328 667 4179 -70 -63 59
-1354 675 4170 -69 -58 57
-1345 678 4171 -72 -57 56
-1353 656 4166 -75 -67 58
-1340 660 4175 -73 -67 58
-1330 687 4169 -62 -66 56
-1308 670 4173 -75 -59 59
-1342 672 4173 -80 -44 55
-1377 650 4165 -76 -39 60
-1354 667 4169 -67 -58 61
-1333 679 4174 -73 -70 56
-1324 670 4185 -75 -64 56
-1346 656 4171 -77 -55 58
-1343 670 4173 -70 -54 57
-1334 668 4184 -67 -60 58
-1341 672 4185 -69 -59 57
-1344 668 4173 -72 -55 57
-1340 672 4167 -73 -52 58
-1337 673 4175 -72 -52 58
-1338 682 4180 -75 -47 59
-1396 684 4175 -73 -46 61
-1372 691 4172 -76 -79 56
-1313 687 4182 -84 -113 57
-1297 673 4183 -92 -92 57
-1297 644 4185 -89 -46 61
-1334 641 4171 -86 -20 54
-1326 667 4178 -78 -24 56
-1329 670 4193 -76 -20 56
-1335 673 4180 -81 -12 54
-1371 672 4168 -77 -15 52
-1384 673 4173 -76 -37 55
-1364 676 4166 -71 -59 54
-1341 673 4176 -75 -66 55
-1346 655 4176 -79 -64 54
-1337 656 4178 -73 -63 57
-1345 659 4175 -70 -61 52
-1344 664 4187 -69 -59 57
-1338 680 4168 -72 -56 54
-1345 671 4185 -75 -55 57
-1339 659 4160 -76 -51 56
-1346 662 4168 -72 -50 57
-1347 676 4164 -69 -52 55
-1361 686 4175 -67 -53 54
-1342 669 4177 -78 -59 57
-1347 648 4167 -80 -60 58
-1351 675 4177 -75 -63 57
-1325 663 4165 -68 -67 57
-1335 664 4184 -69 -61 53
-1347 676 4186 -68 -47 58
-1363 668 4165 -70 -56 54
-1321 691 4180 -71 -68 57
-1308 666 4194 -76 -64 58
-1351 676 4178 -81 -39 54
-1357 658 4171 -85 -44 55
-1328 659 4179 -78 -48 55
-1338 667 4196 -75 -42 52
-1362 676 4162 -73 -37 53
