1003 353 4537 -71 -51 65
1015 351 4538 -67 -62 70
1020 361 4512 -65 -65 70
1036 360 4520 -66 -56 64
1003 359 4515 -68 -45 62
1007 367 4528 -69 -49 63
1030 350 4523 -70 -56 64
1005 347 4522 -68 -50 62
1004 369 4513 -62 -50 65
1010 352 4530 -67 -53 64
1039 356 4519 -70 -58 65
1020 361 4509 -66 -43 67
982 346 4528 -71 -37 63
1012 368 4520 -70 -53 61
1046 364 4509 -69 -58 63
988 360 4532 -71 -40 63
982 348 4513 -71 -65 61
1024 383 4531 -66 -90 65
1020 364 4518 -70 -79 65
1012 359 4512 -81 -81 58
1051 351 4499 -88 -76 60
1051 335 4505 -84 -67 57
829 406 4540 -71 -55 49
1061 386 4478 -73 -164 32
709 293 4602 -81 -103 -8
1122 330 4483 -87 -194 -9
1103 383 4463 -88 -187 27
1254 353 4499 -64 -164 37
1070 320 4476 -81 -120 62
1079 338 4508 -70 -78 59
1125 352 4471 -59 -91 69
1125 341 4491 -58 -49 65
1112 358 4487 -51 -20 72
1069 346 4494 -53 -6 77
1080 353 4524 -57 -28 75
1086 352 4492 -57 -31 69
1109 359 4506 -60 -21 76
1116 356 4483 -67 -3 82
1083 342 4488 -68 38 86
934 348 4528 -66 64 79
1014 346 4519 -66 -11 81
1051 350 4501 -48 -9 85
1051 384 4512 -44 12 99
883 349 4533 -51 9 120
874 329 4530 -51 -73 134
1027 378 4512 -34 -174 150
1187 407 4481 -32 -176 185
1274 372 4472 -52 -52 220
1238 346 4482 -24 201 262
1034 498 4477 6 403 294
1034 326 4622 -25 601 334
751 524 4693 -17 646 400
1008 480 4534 -64 612 499
959 361 4547 -90 676 615
819 442 4860 -91 1060 652
818 518 4941 -133 1337 672
950 1437 5486 -250 1795 752
340 741 5019 -526 2273 857
-237 1008 4660 -788 2472 974
-415 1018 4514 -1043 2382 1054
-977 307 4201 -1315 2240 1108
-1264 542 4023 -1130 1765 1147
-953 390 3647 -1169 1199 1175
-1096 375 3644 -1040 903 1220
-1417 -12 3593 -977 844 1255
-1635 87 3871 -676 510 1287
-1505 -221 3692 -564 -138 1293
-1477 -698 3672 -460 -988 1352
-1270 -853 3973 -241 -1559 1426
-1159 -491 4188 -89 -1747 1439
-775 -333 4036 -84 -2079 1460
-363 -134 3871 0 -2005 1479
-58 438 4218 162 -925 1431
-906 677 4551 142 677 1198
-1575 529 4623 32 1062 954
-1560 229 4642 -30 211 740
-1040 176 4520 -45 -784 596
-412 -30 4355 -82 -1376 587
96 -485 4818 5 -1465 654
173 331 4874 204 -679 671
-298 16 4504 -74 402 636
-1198 227 4649 -121 792 650
-1213 18 4298 -154 254 600
-456 -47 4471 -332 -352 474
-709 -133 4251 -291 -265 471
-415 -232 4535 -476 -149 416
-533 -260 4709 -495 149 374
-600 -282 4185 -575 246 268
-548 -445 3928 -574 73 217
-276 -302 3840 -402 -94 232
-336 -18 3989 -375 -178 297
-664 -99 4279 -274 -101 460
-295 417 4632 -76 -71 612
-131 799 4645 -158 233 689
-823 1138 4607 -325 734 755
-1155 1081 4682 -349 706 744
-1008 1064 4914 -245 597 611
-1114 1034 4936 -647 556 234
-878 909 4331 -262 656 182
-738 -243 4300 -366 889 -69
-818 -141 4076 -442 899 -183
-1083 -510 3614 -483 1015 -208
-941 -918 3623 -420 705 -137
-1049 -1336 3646 -396 141 -26
-801 -1310 3599 -286 -457 84
-269 -1124 3647 -167 -436 241
-585 -988 3937 -147 213 406
-1023 -959 3649 -140 602 530
-2232 -959 4259 -120 789 521
-3827 -236 5582 -144 427 327
-1314 -673 3832 -617 -552 -47
-264 -625 3788 -435 -250 90
-1805 -684 4468 -264 991 257
-1316 -866 4575 -350 327 358
-1248 -434 4386 -198 -21 505
-1958 -338 4088 -109 468 522
-1713 -230 4002 88 -17 401
-1137 -129 4008 187 -498 275
-1013 -90 4069 167 -383 199
-1205 -90 4009 62 -75 145
-1482 -191 4028 -77 80 82
-1487 -210 3969 -151 124 36
-1582 -196 3897 -233 322 4
-1812 -251 3962 -289 436 -14
-1845 -322 3979 -286 330 -21
-1551 -332 4011 -250 101 -3
-1594 -327 4030 -219 189 31
-1753 -291 4000 -198 226 59
