-2478 -188 3320 -57 -113 45
-2507 -194 3327 -62 -96 48
-2510 -209 3346 -65 -96 51
-2517 -214 3322 -65 -94 49
-2499 -201 3317 -59 -103 58
-2493 -187 3321 -57 -100 56
-2491 -205 3348 -58 -118 51
-2478 -209 3373 -59 -129 50
-2459 -200 3355 -60 -109 55
-2471 -201 3337 -64 -87 53
-2466 -201 3353 -64 -90 55
-2465 -205 3366 -64 -95 55
-2470 -197 3373 -62 -77 64
-2478 -203 3339 -61 -70 61
-2478 -202 3363 -60 -85 59
-2464 -205 3352 -62 -96 57
-2463 -205 3390 -55 -95 58
-2466 -211 3384 -59 -91 58
-2454 -199 3357 -57 -88 62
-2455 -205 3373 -59 -89 56
-2448 -190 3373 -59 -90 55
-2440 -199 3397 -60 -92 58
-2439 -202 3402 -63 -85 59
-2451 -197 3391 -60 -72 61
-2458 -194 3369 -62 -68 59
-2445 -193 3386 -62 -76 58
-2438 -207 3389 -64 -73 54
-2437 -196 3377 -68 -74 53
-2435 -198 3387 -68 -78 56
-2448 -193 3383 -69 -61 59
-2434 -199 3396 -65 -75 57
-2420 -209 3389 -64 -80 56
-2430 -201 3392 -68 -67 57
-2444 -200 3390 -67 -59 59
-2445 -197 3375 -65 -66 60
-2421 -182 3378 -66 -73 57
-2438 -188 3372 -69 -64 53
-2434 -211 3391 -67 -74 49
-2433 -225 3419 -66 -84 54
-2428 -198 3400 -62 -77 61
-2426 -187 3378 -64 -65 61
-2430 -204 3402 -66 -75 53
-2413 -200 3414 -65 -72 56
-2439 -200 3394 -68 -58 61
-2432 -196 3395 -64 -67 57
-2439 -197 3397 -61 -100 61
-2407 -204 3415 -61 -115 63
-2419 -191 3407 -60 -96 63
-2405 -182 3433 -60 -99 59
-2399 -185 3420 -62 -104 57
-2381 -199 3460 -64 -102 52
-2412 -208 3457 -68 -85 58
-2418 -194 3453 -65 -84 61
-2448 -192 3404 -60 -129 57
-2419 -193 3411 -48 -220 54
-2378 -195 3436 -40 -256 53
-2375 -190 3456 -33 -265 53
-2403 -192 3449 -22 -311 47
-2344 -191 3462 -13 -422 39
-2330 -176 3460 6 -493 33
-2246 -148 3527 14 -524 28
-2313 -212 3537 6 -575 24
-2123 -170 3642 29 -665 20
-2053 -170 3683 43 -586 21
-2076 -152 3710 33 -485 38
-2001 -145 3762 37 -484 41
-1944 -136 3741 38 -403 40
-1940 -110 3785 39 -292 47
-1919 -151 3775 28 -215 57
-1960 -140 3778 22 -96 69
-1912 -112 3774 22 2 76
-2073 -93 3723 11 112 85
-2191 -97 3671 8 -83 78
-1934 -66 3734 50 -309 60
-1984 -81 3767 47 -230 54
-1957 -61 3779 41 -209 57
-1944 -48 3782 31 -229 63
-1879 -28 3801 25 -225 54
-1908 -12 3768 9 -159 48
-1993 -34 3825 -4 -167 46
-1893 -40 3841 30 -264 42
-1850 -49 3856 37 -248 42
-1938 -64 3859 35 -192 53
-2031 -15 3871 73 -270 54
-1806 4 3893 122 -491 35
-1849 -25 3920 147 -513 36
-2023 -69 3944 175 -552 37
-1969 -49 4036 262 -918 14
-1641 69 4094 388 -1313 -26
-1640 12 4160 445 -1393 -58
-1698 49 4259 521 -1571 -109
-1080 290 4230 627 -2013 -207
-923 318 4309 652 -2028 -297
-1064 231 4529 682 -2050 -369
-773 336 4755 783 -2637 -460
14 548 4599 859 -2940 -524
229 541 4631 836 -2643 -527
362 575 4654 796 -2287 -521
443 669 4623 751 -2063 -559
653 728 4598 705 -1858 -656
875 804 4657 632 -1643 -748
836 986 4511 527 -1366 -810
991 1007 4378 397 -1198 -852
1147 1072 4540 341 -945 -895
960 1277 4490 218 -613 -919
1017 1287 4488 60 -491 -939
1143 1302 4368 -83 -394 -927
874 1110 4197 -246 -99 -891
510 1152 4175 -264 4 -952
658 1101 4394 -357 -37 -1043
817 987 4427 -446 30 -1023
580 923 4461 -496 281 -1053
690 767 4459 -504 332 -1061
579 700 4555 -482 232 -1067
681 605 4639 -486 6 -1074
600 672 4484 -477 -175 -1085
414 618 4252 -520 -92 -1146
493 622 4388 -438 -151 -1171
706 707 4688 -377 -433 -1161
1081 669 4623 -459 -589 -1158
1082 650 4409 -499 -450 -1139
1104 612 4349 -481 -312 -1134
1172 531 4331 -447 -200 -1122
1208 511 4277 -355 -111 -1080
1127 535 4155 -259 -55 -1059
1055 615 4272 -136 -53 -1063
989 896 4239 -20 -208 -1032
1169 935 4369 -53 -421 -992
