-3330 956 2980 -170 141 -595
-3176 880 3073 -132 -179 -726
-2754 607 2931 -185 -287 -846
-2744 539 3046 -139 -370 -889
-2191 585 3395 -59 -294 -1023
-1499 322 2968 -176 107 -797
-2190 479 2691 -326 101 -210
-3019 576 3302 -180 -62 210
-2633 750 3443 -182 -191 317
-2263 807 3372 -221 -353 377
-2688 575 3408 -129 -360 472
-2787 395 3149 -170 -215 391
-2836 343 3009 -139 -175 281
-2657 360 2876 -68 -154 243
-3283 324 3335 72 -70 165
-2509 291 3292 101 -218 -82
-1846 331 3113 107 -201 13
-3738 651 4268 162 -259 103
-2305 1175 4575 -72 -927 -465
394 572 4240 -235 77 -635
-2235 -336 3503 -419 1844 -315
-2475 -196 2174 -626 1703 -11
-1558 -196 1399 -509 1653 799
-2988 205 1542 -290 1897 1496
-4500 1231 1788 -336 482 1892
-4726 1607 2147 -356 -721 1831
-4948 2173 3506 -252 -1580 1670
-6030 3084 4834 -602 -2715 1126
-2326 3649 4711 -1182 -3657 330
-547 2570 4320 -1573 -2159 -78
-2600 386 4948 -1550 -306 -388
-1642 1642 4583 -909 -1624 -633
701 1305 3620 -1479 -1547 -393
-2739 874 3123 -1555 919 192
-2195 179 2940 -1378 70 520
-1389 -30 3166 -1026 -1113 704
-992 -206 3138 -889 -982 817
-653 -266 2907 -720 -826 987
-949 -406 2729 -576 -338 1125
-1058 -589 2634 -348 -372 1182
-1457 -421 3067 -2 -259 1193
-2465 -71 3409 211 172 1075
-2704 -175 3516 286 161 898
-2211 -151 3466 436 -176 774
-1663 -159 3371 555 52 660
-1342 -174 3192 661 658 666
-2127 53 4054 675 1879 719
-7475 483 4894 128 2681 352
-1624 602 2987 -512 143 3
-2540 311 2668 -96 1485 -104
-3138 366 2941 -174 2084 -139
-2813 365 3607 -41 -321 55
-1672 465 4467 -297 -1608 113
-2155 353 3945 -283 -1052 281
-1917 621 3549 -291 -595 292
-2406 691 3453 -166 -356 197
-2406 917 3464 -84 -565 68
-2295 698 3690 -19 -732 7
-1990 658 3793 -15 -734 -118
-1957 599 3781 -6 -555 -153
-2007 501 3775 -29 -417 -118
-2014 519 3798 4 -367 -59
-2026 548 3715 59 -325 -19
-2584 142 3590 57 -463 -73
-2087 458 3681 85 -874 -225
-1809 519 3867 184 -924 -293
-1528 585 4064 183 -712 -229
-1678 888 3985 238 -331 -177
-1642 1058 4000 91 -145 -58
-1642 1225 3994 -21 -56 50
-1843 943 3862 -102 80 125
-1907 695 3905 -255 156 43
-1476 648 4121 -328 191 39
-1467 676 4029 -370 518 73
-1711 557 3878 -394 756 131
-1413 447 4057 -369 984 128
-2223 568 3572 -303 1588 127
-2477 544 3458 -206 1468 156
-2810 701 3275 -162 1260 124
-3022 640 3122 -121 910 112
-2999 608 3106 -137 393 43
-2815 521 3211 -159 -114 -8
-2343 476 3486 -130 -491 -17
-1599 542 3947 -83 -291 -13
-1846 568 3756 -103 607 13
-2448 478 3439 -207 1220 28
-3606 778 3360 -230 1227 39
-2550 368 3557 -411 314 114
-3103 450 3334 -282 1452 148
-2913 464 2914 -346 1467 306
-2827 606 2793 -474 832 287
-2620 529 2643 -389 1214 326
-3330 341 2520 -375 926 280
-3800 493 2547 -163 866 202
-3814 607 2427 -138 878 178
-3614 502 2398 -51 94 57
-3884 374 2306 -60 -13 76
-2914 534 2390 -50 -780 13
-3233 583 2649 -62 -668 25
-2971 488 2773 -92 -870 42
-2867 504 2848 -78 -869 56
-2755 536 2936 -76 -749 75
-2723 519 2990 -91 -599 79
-2717 519 3019 -114 -413 58
-2743 498 3020 -112 -265 46
-2795 499 3016 -101 -145 49
-2841 498 2980 -93 -84 61
-2900 484 2966 -98 -82 63
-2882 498 2975 -101 -121 50
-2872 491 2993 -94 -158 58
-2836 476 3008 -91 -187 61
-2812 456 3017 -83 -176 64
-2812 471 3027 -76 -151 72
-2817 505 3025 -71 -124 84
-2817 496 3049 -80 -124 80
-2789 489 3045 -89 -129 67
-2786 479 3055 -89 -116 62
-2781 471 3051 -70 -91 63
-2804 477 3053 -63 -71 62
-2816 491 3048 -58 -71 72
-2800 516 3061 -59 -78 73
-2808 508 3047 -57 -70 85
-2819 511 3054 -62 -61 86
-2816 534 3055 -62 -82 97
-2815 526 3062 -69 -100 92
-2805 527 3066 -73 -107 75
-2772 531 3084 -74 -110 63
-2762 541 3085 -83 -90 46
