252 555 4589 -70 -68 63
242 556 4571 -71 -63 61
242 555 4573 -70 -66 64
265 557 4590 -67 -79 66
252 548 4573 -69 -74 64
256 555 4596 -70 -67 64
245 544 4568 -68 -59 59
259 555 4590 -67 -66 63
248 547 4582 -73 -59 59
243 544 4588 -68 -57 60
254 557 4580 -69 -61 65
274 558 4587 -71 -71 60
268 546 4580 -70 -56 60
248 550 4582 -68 -46 58
239 557 4561 -69 -56 62
260 555 4578 -70 -73 62
280 558 4562 -72 -69 61
251 551 4569 -66 -57 58
248 545 4582 -63 -69 63
261 555 4582 -69 -75 64
272 552 4564 -71 -69 62
261 549 4576 -70 -61 57
265 559 4567 -67 -64 60
256 555 4566 -70 -67 61
283 541 4564 -72 -68 58
263 557 4574 -71 -63 59
257 552 4568 -71 -61 56
273 556 4569 -71 -63 59
294 552 4583 -69 -67 60
263 545 4569 -71 -56 61
274 553 4562 -67 -55 60
301 555 4560 -73 -60 60
278 547 4558 -70 -45 56
263 548 4547 -72 -33 57
248 559 4568 -69 -34 57
261 545 4562 -72 -47 60
273 548 4560 -68 -59 58
257 557 4575 -69 -60 62
281 553 4573 -69 -68 63
275 544 4575 -71 -66 63
257 548 4573 -71 -60 63
274 554 4568 -69 -65 64
257 553 4557 -74 -64 61
289 557 4569 -71 -73 68
298 555 4557 -73 -76 70
283 562 4561 -72 -76 74
298 559 4567 -72 -89 76
310 558 4558 -81 -90 84
346 545 4582 -79 -67 67
371 569 4571 -87 -8 85
302 540 4580 -96 65 75
283 544 4585 -96 102 80
278 537 4569 -99 128 90
315 578 4577 -90 160 113
86 530 4572 -91 209 76
37 522 4537 -78 144 68
135 557 4553 -75 36 67
184 538 4557 -78 9 68
172 529 4562 -81 13 61
134 539 4581 -78 18 63
112 532 4543 -77 20 60
152 543 4553 -75 -1 59
132 525 4551 -73 -5 62
101 529 4564 -74 -3 61
107 532 4549 -70 -22 59
33 534 4568 -69 -39 58
16 526 4551 -63 -106 64
83 538 4557 -56 -185 64
98 516 4560 -55 -238 80
195 592 4624 -43 -274 129
206 525 4707 -32 -193 62
133 629 4699 6 36 61
307 680 4848 -21 277 99
1712 1120 5469 -60 1208 354
-2411 106 5768 -717 2981 319
-935 607 5438 -582 947 172
-66 464 5029 -907 -464 117
-527 392 5267 -1275 94 20
-1051 509 5418 -1310 202 -111
-1403 186 5289 -1737 -80 -416
-699 -120 5204 -2005 -623 -648
-142 -132 4628 -2173 -601 -780
-122 -565 4399 -2416 10 -962
-330 -715 4150 -2364 408 -1131
-412 -801 3939 -2392 450 -1309
-237 -906 3693 -2347 489 -1512
-86 -1111 3325 -2326 641 -1645
-404 -977 3136 -2108 1008 -1735
-702 -948 2827 -1923 1181 -1872
-409 -1114 2797 -1689 943 -1960
-40 -1226 2617 -1425 727 -1931
-100 -1437 2430 -1080 517 -1753
96 -1910 2548 -701 20 -1503
350 -2060 3069 -148 -646 -1128
683 -1943 3242 198 -1111 -739
905 -2369 3049 250 -1277 -477
1208 -2499 3336 365 -1285 -303
1232 -2325 3650 355 -1220 -253
1508 -2307 3777 196 -1376 -262
1612 -2190 3487 91 -1448 -246
1661 -2067 3465 -4 -1294 -217
1586 -1921 3708 -11 -949 -122
1283 -1898 3699 -18 -744 7
1312 -2007 3674 -31 -792 83
1276 -2079 3435 -22 -880 164
1273 -2116 3463 -11 -892 191
1311 -2153 3473 -18 -868 185
1289 -2190 3418 -38 -618 143
1267 -2100 3438 -21 -423 106
1643 -2020 3633 -9 -373 117
1369 -2129 3433 -38 -196 157
1258 -2097 3487 -41 -169 155
1375 -2054 3546 -34 -313 153
1120 -2148 3450 -61 -299 121
1364 -2141 3466 -68 -294 65
1336 -2136 3456 -86 -210 44
1476 -2086 3460 -102 -144 27
1380 -2058 3443 -92 -90 34
1454 -2096 3422 -108 -131 20
1615 -2055 3448 -92 -152 17
1404 -2149 3371 -105 -23 26
1554 -2122 3348 -84 -3 20
1497 -2028 3457 -61 63 17
1470 -2039 3452 -48 58 21
1424 -2020 3454 -19 -65 42
1348 -2138 3439 -26 -252 67
1734 -2036 3458 -19 -267 70
1518 -2082 3456 -35 65 66
