787 397 4564 -55 -7 70
733 392 4573 -46 -46 54
804 398 4535 -44 -125 47
905 408 4498 -55 -155 49
863 419 4538 -62 -94 51
781 405 4574 -57 -99 59
788 421 4517 -49 -134 53
935 389 4512 -63 -194 31
919 419 4525 -70 -143 34
907 411 4535 -63 -124 44
935 398 4513 -49 -109 40
845 439 4534 -41 -13 27
906 360 4480 -76 -55 33
979 477 4492 -41 -131 53
818 433 4515 -77 -82 64
846 429 4558 -84 -136 47
981 420 4479 -81 -180 51
980 417 4506 -65 -104 62
918 431 4524 -59 -40 72
852 438 4553 -57 -65 74
959 436 4523 -56 -162 73
934 425 4516 -64 -150 61
978 391 4520 -77 -154 65
982 443 4509 -66 -111 56
892 433 4537 -56 -94 61
1001 411 4505 -80 -165 61
1008 405 4516 -77 -132 53
1009 428 4509 -66 -90 59
951 422 4517 -76 -79 63
990 424 4539 -74 -99 61
1015 413 4484 -78 -97 57
1012 424 4509 -73 -70 61
959 434 4522 -72 -63 62
1006 422 4532 -70 -105 67
1048 435 4488 -66 -94 59
1010 429 4510 -65 -54 65
998 426 4524 -66 -65 67
1010 436 4507 -64 -78 60
1023 434 4513 -68 -71 65
1009 428 4505 -67 -59 68
972 425 4495 -62 -67 69
1067 419 4510 -62 -108 58
1015 441 4497 -67 -84 59
1002 432 4504 -72 -85 63
1021 433 4521 -70 -85 63
1046 422 4507 -66 -70 63
1003 439 4513 -70 -70 62
1010 431 4509 -69 -90 67
1043 428 4508 -72 -106 60
1052 424 4514 -71 -94 63
1082 435 4496 -69 -69 64
1058 439 4486 -73 -31 62
984 435 4514 -64 -38 60
1042 435 4508 -66 -82 62
1065 429 4514 -72 -73 60
1033 434 4521 -70 -55 61
1041 426 4519 -69 -57 60
1063 429 4506 -66 -58 65
1053 423 4516 -68 -44 58
1033 436 4521 -66 -34 60
1017 434 4517 -73 -64 63
1071 429 4510 -66 -88 60
1057 429 4486 -67 -66 60
1064 430 4515 -67 -53 64
1040 436 4512 -69 -44 64
1049 431 4516 -67 -60 59
1053 425 4502 -65 -57 65
1018 427 4522 -69 -43 66
1037 432 4511 -69 -65 60
1045 440 4509 -65 -74 59
1078 434 4501 -67 -71 58
1068 437 4503 -71 -53 63
1029 426 4515 -73 -44 59
1037 428 4517 -68 -77 63
1090 435 4501 -67 -82 56
1079 435 4494 -70 -53 60
1015 437 4510 -70 -41 65
1032 435 4518 -68 -61 57
1068 431 4502 -70 -68 58
1087 438 4482 -71 -50 56
1070 419 4495 -73 -29 57
992 425 4523 -66 -37 59
1053 425 4511 -69 -67 53
1077 441 4502 -70 -72 56
1081 419 4496 -74 -59 56
1031 438 4517 -71 -57 57
1047 432 4516 -70 -58 57
1047 438 4521 -72 -57 64
1063 431 4501 -75 -57 61
1058 437 4505 -69 -58 61
1051 433 4512 -71 -58 67
1059 434 4518 -73 -58 64
1063 435 4508 -71 -55 63
1072 431 4509 -73 -54 60
1040 435 4514 -71 -54 65
1056 442 4513 -69 -64 68
1058 436 4510 -67 -62 68
1088 429 4507 -74 -66 57
1049 441 4518 -71 -51 54
1048 440 4503 -70 -53 62
1063 438 4512 -68 -59 55
1061 444 4509 -69 -58 63
1084 434 4506 -72 -63 63
1045 445 4502 -72 -50 61
1064 431 4526 -72 -68 63
1074 446 4509 -69 -70 60
1070 435 4486 -70 -64 54
1068 442 4518 -71 -72 63
1059 439 4496 -73 -70 60
1071 431 4526 -72 -79 58
1092 433 4497 -71 -77 56
1078 439 4515 -76 -64 57
1077 445 4516 -72 -62 60
1064 435 4512 -76 -69 60
1078 438 4508 -73 -74 61
1086 440 4494 -76 -69 61
1083 443 4501 -74 -57 61
1098 442 4499 -74 -62 62
1094 431 4513 -72 -51 58
1076 438 4499 -75 -49 58
1109 440 4504 -75 -57 56
1071 438 4512 -71 -41 56
1067 434 4511 -74 -58 58
1093 437 4503 -71 -60 62
1100 437 4500 -72 -54 64
1065 437 4524 -72 -40 63
1083 432 4499 -74 -57 62
1067 439 4499 -72 -67 59
