-432 475 4457 158 -874 145
-278 550 4508 147 -563 112
-502 546 4530 164 -204 144
-513 496 4530 171 -170 134
-406 566 4478 159 -136 132
-344 593 4416 144 -180 155
-419 450 4363 147 -87 151
-438 509 4409 215 -15 169
-493 332 4306 199 -108 164
-554 279 4525 246 -187 132
-578 89 4611 246 -398 87
-277 14 4642 225 -612 27
287 124 5208 202 -714 8
-358 532 4845 45 -113 11
-466 590 4267 -71 20 -2
-694 788 3962 -61 -345 -20
-461 740 4203 -61 -816 -19
143 664 4692 174 -1103 -31
68 722 5429 158 -717 -17
-150 666 4962 -20 -481 0
135 621 4230 -161 -516 22
109 737 4473 -84 -298 51
201 730 4579 -20 -155 65
-222 700 4557 7 -127 75
159 696 4572 -34 -447 74
359 642 4508 -85 -466 68
263 685 4612 -46 -226 75
168 719 4615 -32 -153 74
190 695 4583 -55 -227 67
304 690 4597 -75 -250 66
263 673 4575 -76 -170 56
204 696 4563 -63 -125 52
150 705 4560 -70 -206 50
312 667 4558 -86 -309 54
393 716 4525 -89 -215 68
365 691 4524 -85 -78 72
216 685 4584 -70 -23 76
355 678 4576 -69 -147 65
372 659 4517 -85 -122 66
309 685 4557 -65 -29 58
312 719 4558 -53 -72 51
355 680 4530 -69 -77 49
319 703 4532 -66 -28 48
236 698 4623 -63 -27 52
342 680 4603 -78 -87 49
294 690 4543 -99 -78 53
392 685 4517 -92 -75 48
295 712 4589 -75 -5 50
285 679 4563 -86 -6 53
269 690 4535 -90 -63 56
347 690 4582 -86 -86 60
312 689 4614 -84 -57 60
220 676 4571 -85 -99 59
338 687 4563 -89 -278 58
396 684 4589 -98 -280 51
326 682 4600 -98 -218 59
301 675 4605 -101 -290 59
437 676 4556 -115 -391 69
527 675 4545 -125 -353 68
582 671 4501 -110 -253 68
530 663 4561 -96 -109 67
418 662 4557 -84 -76 68
597 642 4522 -92 -121 58
523 674 4508 -85 -11 70
472 672 4568 -73 27 69
449 649 4586 -69 3 71
498 669 4536 -82 -8 79
478 660 4554 -69 -9 76
465 656 4601 -61 -41 62
455 645 4560 -68 -60 47
455 664 4562 -72 -84 44
481 663 4562 -68 -74 44
437 688 4566 -67 -50 57
481 669 4562 -75 -70 61
495 674 4564 -78 -54 63
498 653 4554 -73 -35 62
456 672 4571 -75 -25 57
463 662 4573 -70 -35 48
488 671 4563 -72 -54 40
449 669 4551 -73 -22 49
452 667 4554 -75 -18 55
444 677 4572 -74 -5 60
437 674 4558 -79 -10 64
428 670 4557 -75 -28 68
474 657 4577 -75 -53 67
458 663 4581 -72 -44 60
436 664 4584 -69 -63 48
451 666 4557 -75 -99 46
493 665 4556 -77 -101 51
452 667 4581 -76 -54 53
434 670 4572 -71 -55 54
471 665 4560 -78 -77 59
467 665 4533 -79 -59 58
436 674 4554 -69 -66 55
429 664 4560 -68 -144 45
483 672 4557 -73 -250 49
509 674 4555 -77 -282 58
450 722 4528 -83 -319 55
614 621 4618 -152 -427 56
683 662 4563 -115 -351 72
621 650 4535 -103 -216 82
448 685 4571 -71 -280 82
743 618 4589 -86 -415 67
787 659 4564 -90 -278 68
778 647 4572 -77 -98 56
643 655 4541 -62 10 50
704 667 4543 -56 -3 52
741 660 4550 -62 16 53
683 660 4554 -62 101 56
626 664 4527 -53 114 51
610 675 4564 -56 75 54
655 658 4565 -61 -19 53
680 668 4536 -71 -36 52
602 668 4568 -67 36 56
605 675 4568 -64 28 52
598 660 4577 -67 29 54
533 669 4628 -68 5 57
622 644 4531 -79 -60 52
584 685 4550 -78 -62 56
601 661 4607 -73 -70 55
594 658 4563 -74 -78 53
625 676 4540 -84 -74 50
594 679 4564 -78 -72 54
625 654 4563 -73 -66 60
633 675 4563 -75 -51 59
601 660 4554 -76 -29 59
607 661 4565 -71 -43 53
604 663 4576 -80 -58 55
