486 671 4563 -72 -41 59
478 665 4572 -74 -52 62
509 670 4580 -72 -65 65
496 663 4590 -76 -62 65
499 663 4584 -75 -58 66
505 668 4584 -74 -61 68
500 661 4580 -74 -57 64
493 664 4568 -78 -60 65
498 664 4567 -76 -60 63
496 662 4578 -72 -65 65
507 669 4582 -74 -65 63
493 656 4594 -72 -62 60
505 661 4569 -74 -66 60
507 664 4583 -76 -54 59
499 662 4592 -74 -52 58
499 675 4566 -75 -52 54
499 670 4585 -75 -60 58
502 660 4591 -74 -65 56
502 665 4576 -75 -61 55
498 667 4571 -76 -55 59
500 664 4573 -75 -51 61
501 674 4575 -76 -51 58
513 670 4568 -76 -60 62
492 666 4584 -74 -62 63
508 666 4558 -77 -66 62
515 666 4570 -78 -62 60
505 663 4578 -76 -55 59
515 662 4557 -76 -58 62
501 671 4580 -77 -51 64
498 660 4561 -78 -60 56
508 666 4577 -74 -58 58
508 662 4549 -76 -55 56
499 675 4573 -75 -55 62
495 653 4572 -76 -62 59
500 665 4560 -78 -56 59
512 672 4553 -77 -56 62
497 667 4577 -74 -51 59
500 665 4566 -76 -61 59
508 667 4556 -76 -67 63
508 669 4577 -75 -62 60
523 653 4567 -76 -64 58
499 677 4587 -75 -56 55
510 664 4569 -74 -61 50
508 673 4560 -75 -56 53
516 656 4560 -75 -62 58
504 671 4560 -75 -64 53
518 667 4548 -74 -64 56
513 664 4592 -75 -64 51
511 653 4554 -76 -56 54
494 679 4557 -74 -56 57
511 663 4565 -78 -62 59
521 676 4576 -76 -71 61
510 671 4588 -77 -62 57
518 671 4552 -74 -67 62
520 665 4594 -75 -63 58
520 680 4549 -78 -59 57
511 675 4570 -75 -66 59
516 667 4567 -75 -62 60
512 674 4547 -78 -57 59
530 666 4573 -77 -71 59
531 683 4576 -76 -67 57
496 665 4562 -73 -58 56
528 678 4561 -76 -71 53
527 663 4554 -76 -78 56
525 673 4572 -75 -54 57
528 669 4563 -80 -50 59
514 675 4577 -75 -52 59
536 675 4542 -79 -60 60
535 678 4564 -76 -52 61
522 666 4553 -76 -47 59
527 668 4563 -78 -54 67
535 676 4548 -77 -51 66
533 676 4552 -78 -45 61
525 669 4579 -79 -36 57
529 675 4557 -75 -30 57
533 671 4569 -77 -25 59
527 672 4567 -79 -17 51
504 667 4576 -77 -14 51
507 673 4552 -79 -23 52
498 669 4546 -78 -28 54
502 677 4567 -75 -28 50
484 664 4564 -78 -27 58
504 671 4550 -76 -31 57
502 671 4559 -74 -23 59
490 665 4576 -73 -17 57
599 665 4586 -77 11 58
568 662 4513 -83 247 52
262 662 4535 -57 406 45
367 691 4550 -46 193 46
330 681 4586 -62 81 60
622 657 4623 -78 128 52
260 686 4521 -66 413 44
126 676 4522 -46 348 44
248 700 4595 -54 149 41
278 663 4590 -74 135 44
170 678 4538 -73 166 53
155 685 4557 -61 99 57
147 686 4550 -68 9 57
200 678 4563 -77 -48 62
177 680 4563 -76 -44 66
209 678 4570 -73 -57 65
180 682 4560 -77 -56 73
191 683 4551 -82 -75 71
187 689 4573 -75 -90 75
180 680 4554 -78 -104 76
202 681 4555 -75 -148 76
228 679 4560 -76 -182 80
246 688 4562 -79 -187 80
272 683 4572 -83 -171 76
285 691 4573 -79 -144 69
293 675 4581 -83 -116 64
309 674 4575 -82 -66 55
249 675 4624 -79 -18 52
276 692 4654 -74 -94 60
377 703 4750 -82 -140 58
222 602 4949 -97 19 26
-53 649 4717 -97 56 11
94 656 4722 -163 -228 13
124 758 4759 -203 -375 36
669 806 5331 -322 -341 47
399 905 5194 -515 -59 104
67 884 5568 -758 105 95
-413 599 5213 -1099 330 27
91 428 4887 -1268 226 -102
-216 -7 5054 -1557 621 -231
-273 -225 4979 -1740 1052 -486
115 -316 4731 -1554 1458 -611
-97 -645 4332 -1379 2367 -858
