350 -1166 4442 -55 -133 64
424 -1167 4278 -52 -208 72
371 -1141 4158 -52 -57 74
421 -1149 4170 -67 -87 90
528 -1205 4221 -73 -199 91
379 -1194 4214 -82 -106 76
334 -1153 4220 -74 -12 62
420 -1157 4183 -62 -22 53
426 -1183 4244 -60 -41 51
399 -1183 4245 -59 -41 59
406 -1155 4208 -59 -9 60
507 -1172 4194 -69 -48 61
423 -1147 4224 -76 -45 64
398 -1175 4237 -76 -35 67
408 -1178 4157 -73 -17 64
427 -1153 4234 -75 3 65
392 -1173 4279 -74 11 78
310 -1185 4122 -80 48 73
312 -1198 4148 -84 -17 53
424 -1153 4289 -82 -85 57
308 -1175 4218 -85 -93 61
444 -1190 4295 -73 -108 55
609 -1138 4396 -67 -52 69
490 -1121 4285 -50 -3 118
114 -1239 4153 -59 -8 140
343 -1139 4117 -92 -8 94
426 -1174 4305 -82 -43 66
384 -1154 4222 -55 -61 88
318 -1157 4125 -67 11 69
356 -1161 4121 -79 29 52
420 -1194 4211 -69 -81 51
396 -1182 4224 -64 -102 52
362 -1151 4075 -83 -61 60
299 -1194 4130 -88 -23 51
424 -1193 4203 -87 -65 45
396 -1161 4235 -94 -103 54
379 -1153 4243 -87 -126 63
410 -1159 4225 -91 -103 71
368 -1183 4187 -100 -64 76
312 -1183 4172 -101 -92 68
476 -1171 4299 -86 -155 66
423 -1179 4252 -73 -138 77
355 -1172 4168 -74 -51 83
291 -1182 4075 -78 -32 76
362 -1164 4169 -74 -66 63
463 -1167 4267 -75 -58 51
372 -1172 4222 -70 -44 68
381 -1161 4223 -69 -27 68
338 -1167 4246 -61 -8 66
379 -1163 4194 -50 -41 67
240 -1193 4147 -58 -20 68
404 -1152 4231 -67 -4 57
394 -1168 4289 -61 15 54
402 -1143 4275 -49 25 54
454 -1142 4303 -39 48 59
399 -1140 4265 -24 23 83
229 -1109 4312 -26 8 110
402 -1151 4191 -23 -2 111
397 -1154 4060 -38 133 72
296 -1152 4135 -57 176 59
359 -1117 4235 -66 65 71
384 -1120 4234 -57 -22 111
57 -1126 4242 -74 -73 131
412 -1117 4160 -120 -274 116
445 -1220 4194 -138 -264 111
326 -1134 4125 -110 -82 127
103 -1155 4170 -125 -97 107
282 -1170 4182 -105 -358 111
379 -1183 4274 -73 -358 118
380 -1147 4215 -81 -190 95
315 -1204 4094 -93 -101 87
451 -1152 4181 -60 -89 72
359 -1156 4233 -49 -49 67
386 -1131 4254 -66 -50 66
354 -1157 4262 -74 -46 65
430 -1139 4271 -73 -68 73
402 -1137 4175 -74 -24 72
353 -1144 4181 -87 -6 63
354 -1156 4208 -85 -42 60
391 -1177 4241 -70 -76 64
384 -1143 4217 -65 -41 64
397 -1144 4180 -72 -50 62
388 -1158 4213 -76 -61 67
377 -1155 4215 -70 -50 65
359 -1152 4219 -68 -43 62
364 -1129 4236 -64 -64 68
376 -1158 4247 -69 -70 67
358 -1152 4208 -66 -52 68
355 -1153 4212 -76 -52 59
376 -1139 4234 -77 -57 61
381 -1149 4248 -72 -40 62
355 -1155 4183 -73 -35 68
380 -1132 4196 -77 -47 55
360 -1156 4234 -75 -53 53
328 -1144 4229 -73 -60 63
376 -1151 4211 -79 -64 54
390 -1134 4238 -79 -47 50
353 -1144 4219 -84 -41 55
374 -1135 4174 -87 -78 54
384 -1147 4216 -80 -77 48
383 -1149 4247 -74 -64 50
376 -1140 4218 -76 -53 60
367 -1146 4220 -82 -55 58
399 -1141 4227 -83 -63 54
344 -1139 4218 -84 -58 58
398 -1127 4202 -81 -65 60
371 -1151 4220 -76 -43 62
376 -1153 4224 -78 -58 62
361 -1129 4223 -80 -58 54
384 -1149 4227 -80 -67 57
384 -1144 4224 -80 -55 57
392 -1142 4206 -81 -45 52
365 -1143 4225 -81 -48 56
371 -1145 4243 -79 -51 51
356 -1156 4216 -81 -47 53
364 -1135 4211 -78 -52 56
389 -1147 4230 -79 -60 59
371 -1151 4228 -78 -51 60
368 -1131 4213 -76 -42 55
382 -1114 4264 -76 -67 56
440 -1120 4351 -60 -94 60
433 -1102 4463 -74 -107 54
191 -759 5210 -109 -278 62
-173 -1125 4682 -272 -763 85
534 -1177 3855 -385 -1131 121
458 -938 3640 -442 -1020 60
1056 -1416 3753 -394 -1328 171
1133 -1414 3881 -141 -1092 237
