127 729 4602 -90 -50 51
194 730 4576 -86 -70 54
195 733 4587 -85 -77 55
180 729 4592 -91 -51 50
189 748 4591 -86 -56 56
192 739 4576 -91 -48 51
159 731 4589 -91 -40 49
177 735 4588 -91 -46 53
155 742 4590 -86 -50 55
172 737 4584 -92 -52 54
161 738 4591 -87 -56 51
169 727 4582 -90 -60 51
173 743 4572 -87 -64 52
192 726 4578 -92 -63 57
180 730 4589 -90 -47 51
156 732 4591 -92 -49 52
149 736 4567 -85 -55 56
197 742 4581 -86 -73 53
192 740 4572 -94 -61 52
163 732 4571 -89 -49 46
115 732 4571 -90 -59 56
193 741 4569 -82 -84 57
194 737 4576 -86 -79 57
181 739 4584 -90 -62 55
175 725 4560 -88 -56 50
132 736 4576 -87 -60 53
197 741 4582 -86 -79 56
188 739 4580 -86 -66 53
126 741 4578 -92 -47 52
181 725 4571 -89 -70 58
218 752 4576 -87 -74 59
178 740 4577 -95 -47 50
162 732 4586 -93 -38 47
107 747 4565 -87 -56 53
246 731 4586 -85 -94 56
201 748 4570 -88 -61 54
154 735 4567 -95 -39 49
167 733 4569 -90 -60 53
183 740 4577 -88 -67 54
174 729 4568 -93 -63 54
182 751 4584 -87 -61 48
168 730 4563 -92 -54 53
169 739 4574 -86 -67 53
197 726 4579 -88 -73 53
147 750 4567 -87 -66 59
181 745 4579 -86 -72 57
183 738 4582 -90 -76 60
163 743 4569 -87 -72 59
196 733 4583 -86 -82 65
185 744 4571 -85 -83 62
201 742 4567 -86 -84 58
168 728 4573 -95 -81 61
211 728 4589 -86 -88 60
239 760 4579 -87 -89 57
295 765 4598 -101 -61 53
181 727 4630 -123 9 43
702 726 4832 -113 44 27
362 933 4963 -172 400 9
-428 793 5028 -325 464 58
54 715 4861 -349 197 125
-28 716 5025 -435 423 45
-257 1143 5256 -433 316 32
-295 1047 5305 -662 -83 38
-81 746 5047 -881 -304 55
279 549 5153 -1137 -275 75
327 449 5096 -1343 61 92
284 339 4621 -1444 280 138
253 56 4063 -1469 524 162
83 -1 4020 -1399 802 173
-154 -290 3825 -1311 1089 182
-274 -478 3734 -1184 1091 126
-313 -469 3918 -987 1116 57
-457 -520 4104 -903 1478 -37
-1591 -549 4020 -849 1507 -69
-1401 -652 3953 -733 685 -203
-1285 -676 3720 -598 398 -309
-1141 -971 3849 -492 475 -325
-947 -649 4290 -434 128 -297
-1234 -750 3786 -418 -62 -256
-700 -862 3834 -420 -766 -215
-518 -885 3906 -303 -844 -181
-492 -780 4117 -231 -824 -113
-383 -899 4037 -201 -780 -111
-455 -940 3917 -169 -542 -97
-399 -808 4215 -73 -534 -90
-284 -843 4276 -66 -473 -80
-251 -926 4131 -85 -335 -74
-322 -835 4198 -52 -266 -32
-240 -865 4284 -67 -215 -19
-246 -878 4185 -73 5 -30
-630 -839 4247 -42 89 1
-309 -811 4277 -33 -294 41
-244 -862 4257 -85 -358 45
-430 -835 4212 -73 -278 58
-174 -813 4335 -73 -343 68
-266 -884 4248 -95 -112 58
-309 -791 4314 -94 -38 51
-141 -883 4137 -118 -21 44
-228 -913 4254 -131 219 66
-380 -802 4403 -110 365 72
-384 -752 4399 -96 430 78
-294 -851 4202 -83 584 72
-344 -847 4167 -42 839 50
-511 -781 4234 -18 1034 57
-757 -828 4276 -56 1215 43
-1027 -842 4072 -149 1278 35
-1090 -872 4027 -160 1084 41
-1183 -815 3973 -123 941 50
-1304 -887 3867 -150 974 14
-1456 -942 3742 -87 902 -28
-1662 -878 3822 -38 721 -33
-1422 -868 4011 0 529 -102
-1421 -848 3816 -9 425 -126
-1538 -926 3768 -78 457 -117
-1620 -989 3449 -8 184 -108
-1729 -1023 3695 1 -233 -81
-1503 -809 3982 126 -696 -104
-993 -721 4116 99 -806 -140
-846 -818 3983 18 -400 -173
-1244 -910 3938 -3 -77 -140
-1394 -809 4006 74 -202 -75
-1110 -804 4077 91 -777 -57
-927 -877 3980 24 -996 -15
-922 -874 4097 16 -910 2
-854 -716 4213 92 -797 5
-686 -802 4180 3 -623 -30
-634 -799 4245 -38 -407 -54
-645 -716 4258 15 -247 -17
