-687 -587 4270 -86 -84 48
-729 -610 4249 -84 -75 60
-724 -570 4298 -75 -82 59
-705 -579 4278 -77 -91 54
-667 -598 4257 -88 -80 52
-754 -607 4294 -76 -61 58
-742 -560 4307 -65 -71 63
-685 -604 4308 -92 -70 47
-706 -587 4287 -84 -46 61
-721 -584 4258 -93 -66 63
-706 -583 4235 -97 -76 66
-710 -624 4215 -89 -65 60
-720 -600 4277 -68 -54 63
-732 -571 4265 -55 -56 62
-720 -584 4275 -85 -46 53
-718 -574 4272 -73 -52 59
-735 -567 4298 -79 -66 61
-692 -583 4264 -96 -86 58
-707 -594 4250 -98 -58 61
-740 -578 4253 -80 -47 64
-700 -577 4285 -86 -65 64
-718 -598 4279 -97 -52 60
-744 -584 4265 -96 -42 62
-718 -557 4297 -92 -62 63
-705 -582 4263 -100 -66 64
-721 -613 4231 -109 -44 61
-745 -592 4235 -97 -31 65
-722 -602 4234 -92 -49 61
-730 -598 4236 -88 -37 58
-728 -603 4206 -86 -36 55
-754 -610 4248 -85 -44 52
-760 -560 4256 -70 -65 63
-696 -615 4228 -92 -77 51
-718 -607 4206 -86 -44 61
-746 -593 4205 -69 -43 67
-723 -599 4247 -63 -42 59
-700 -587 4235 -63 5 55
-749 -582 4271 -57 25 55
-795 -546 4311 -43 0 75
-770 -563 4275 -75 -35 72
-751 -572 4269 -88 -30 63
-760 -579 4207 -90 -35 71
-764 -577 4259 -103 -84 84
-643 -569 4253 -109 -109 79
-571 -599 4134 -131 1 86
-1083 -620 3898 -166 169 91
-957 -759 4440 -211 24 65
-364 -482 4492 -127 -184 8
-1190 -641 4065 -218 236 88
-1047 -671 4128 -214 -73 80
-613 -601 4387 -172 -362 7
-755 -506 4186 -132 -115 6
-925 -790 4011 -257 -163 29
-577 -665 4256 -254 -296 4
-619 -672 4282 -171 -106 4
-754 -682 4150 -106 5 39
-742 -686 4202 -127 -39 47
-739 -708 4224 -142 -4 43
-905 -685 4192 -119 -22 49
-900 -681 4260 -134 -152 38
-780 -661 4315 -178 -246 5
-772 -683 4238 -177 -312 -1
-479 -822 4115 -145 -350 7
-452 -781 4038 -43 -270 40
-522 -754 4148 8 -225 92
-526 -725 4366 52 -148 106
-847 -611 4346 120 -46 114
-964 -609 4300 53 -106 68
-603 -651 4428 -18 -151 1
-575 -612 4463 -45 2 -11
-663 -629 4349 -138 135 -4
-745 -697 4132 -170 116 5
-557 -722 4084 -137 -58 25
-618 -704 4163 -107 -1 26
-680 -697 4216 -80 91 23
-684 -682 4183 -80 109 4
-774 -643 4314 -76 51 10
-710 -676 4289 -77 -127 29
-576 -717 4189 -120 -184 38
-557 -715 4144 -106 -8 44
-564 -721 4219 -102 152 48
-648 -700 4232 -93 277 35
-443 -678 4226 -87 507 0
-614 -723 4307 -96 926 -27
-834 -669 4327 -74 1162 7
-1166 -708 4013 -144 1083 36
-1189 -744 3975 -172 623 103
-1258 -681 4006 -125 327 152
-995 -714 4315 -108 197 123
-804 -663 4340 -120 332 136
-1849 -805 3766 -230 486 184
-1867 -585 3772 -193 210 119
-1292 -619 3906 -197 67 30
-1390 -756 3894 -189 80 74
-1371 -806 3983 -199 -168 122
-1414 -784 3906 -197 -368 116
-1278 -802 3954 -188 -528 149
-1262 -757 4008 -170 -670 163
-1150 -775 3995 -173 -636 178
-1209 -794 3928 -170 -523 164
-1101 -749 4037 -140 -549 163
-879 -805 3999 -137 -599 156
-992 -818 3953 -126 -463 169
-1025 -712 3974 -82 -290 158
-863 -729 4049 -70 -221 138
-1017 -763 4149 -54 -241 137
-1238 -659 4216 -53 -381 166
-754 -640 4309 -81 -602 165
-958 -759 4202 -114 -575 167
-763 -726 4171 -124 -665 187
-898 -762 4177 -134 -615 177
-676 -763 4138 -126 -489 139
-742 -810 4037 -122 -381 114
-1278 -758 4146 -101 -453 139
-308 -624 4597 -107 -880 182
-443 -558 4142 -167 -677 102
-494 -766 3999 -198 -300 148
-282 -822 4276 -154 -518 137
-505 -786 4251 -98 -256 137
-545 -790 4205 -83 -184 104
-481 -737 4333 -52 -201 124
-588 -691 4499 -69 -237 140
-672 -665 4414 -98 -337 136
-564 -737 4272 -166 -520 166
-206 -745 4147 -182 -597 162
-318 -828 4101 -158 -400 134
-331 -794 4232 -116 -376 124
-266 -698 4425 -90 -345 120
