1155 430 4519 -86 -58 56
1131 434 4537 -84 -59 60
1128 424 4548 -82 -59 56
1116 416 4539 -80 -42 64
1119 413 4529 -80 -44 60
1124 418 4528 -83 -60 66
1120 419 4536 -83 -63 63
1125 422 4558 -84 -73 66
1127 418 4519 -85 -63 60
1113 430 4549 -83 -66 58
1128 447 4532 -82 -79 61
1126 415 4528 -89 -81 57
1150 407 4530 -90 -87 57
1125 420 4520 -82 -50 55
1120 433 4531 -78 -56 56
1125 417 4531 -85 -72 53
1135 423 4525 -86 -87 54
1145 422 4532 -84 -78 52
1127 426 4518 -84 -63 51
1134 412 4515 -87 -70 53
1140 427 4521 -80 -67 51
1133 422 4523 -85 -59 52
1132 420 4528 -81 -64 54
1147 430 4531 -80 -57 57
1136 418 4517 -81 -42 54
1135 424 4526 -81 -50 51
1116 415 4520 -78 -51 50
1137 429 4529 -76 -56 51
1125 437 4533 -77 -41 57
1097 416 4532 -77 -52 52
1112 424 4492 -78 -70 54
1113 430 4535 -85 -58 47
1155 439 4527 -80 -73 50
1151 450 4530 -84 -71 53
1161 420 4492 -87 -68 47
1114 414 4520 -84 -64 45
1139 442 4552 -78 -72 44
1127 452 4530 -85 -66 48
1128 410 4507 -85 -74 46
1105 381 4518 -80 -74 54
1105 381 4500 -74 -59 60
1089 382 4519 -71 -66 72
1150 427 4526 -70 -133 74
1225 486 4521 -75 -144 61
1155 459 4479 -80 -92 72
1129 434 4533 -78 -100 73
1132 412 4519 -84 -91 66
1139 391 4511 -88 -62 88
1123 414 4514 -94 -33 101
1170 467 4523 -94 -47 84
1209 500 4490 -92 -45 80
1190 424 4472 -94 -4 78
1162 423 4483 -87 -33 43
1219 458 4498 -94 -105 16
1163 448 4498 -85 -66 20
1140 433 4515 -76 -39 18
1105 420 4537 -75 -32 28
1045 429 4567 -71 -42 35
1086 420 4476 -80 -70 31
1158 410 4477 -79 -57 29
1239 369 4467 -77 -6 35
1266 389 4444 -65 75 50
1262 413 4372 -50 232 75
1300 454 4404 -26 373 82
1047 594 4769 5 473 91
892 459 4568 -28 349 115
1092 369 4517 -59 315 121
733 505 4616 -28 716 92
672 476 4566 -46 673 69
982 383 4512 -73 462 59
1177 568 4727 -41 947 6
349 756 4687 10 1385 69
463 383 4401 -99 962 124
732 387 4603 -46 897 139
483 1060 5003 -17 1405 91
-291 186 4374 -133 1798 -32
-335 386 4471 -103 1504 7
-128 376 4404 -26 1247 78
-341 246 4484 -160 1252 16
-584 354 4323 -137 1220 14
-737 570 4215 -110 1122 56
-957 758 4274 -3 996 119
-983 961 4268 -72 662 70
-1125 673 4342 -26 135 80
-1036 584 4154 -8 -389 72
-826 600 4310 73 -885 47
-688 254 4426 54 -1143 42
-391 105 4590 76 -1228 59
-34 44 4928 84 -1020 67
-355 49 4855 -43 -362 44
-340 406 4324 -84 -158 50
-382 472 4108 -54 -297 42
-153 701 4261 39 -517 31
-10 799 4457 71 -465 50
-207 712 4701 31 -191 58
-333 644 4644 -16 -119 95
-354 526 4478 -73 -132 117
-326 526 4577 -32 -89 111
-282 564 4642 -20 -84 90
-197 577 4581 -33 -118 68
-122 629 4583 -43 -126 53
-149 640 4553 -49 -82 46
-223 615 4553 -68 -59 47
-249 625 4551 -64 -71 60
-285 646 4541 -70 -96 74
-234 632 4563 -68 -147 76
-174 631 4528 -71 -193 72
-101 634 4554 -66 -226 68
-95 630 4535 -73 -209 69
-121 614 4538 -76 -162 61
-128 621 4531 -77 -124 59
-90 635 4520 -80 -101 68
-125 631 4547 -90 -51 82
-145 647 4546 -91 -43 89
-132 637 4534 -102 -83 83
-328 641 4560 -86 -206 81
-116 613 4529 -80 -542 70
190 620 4562 -73 -563 37
62 676 4568 -52 -349 28
-136 649 4575 -74 -397 44
-150 655 4565 -94 -766 79
229 601 4555 -118 -992 94
356 574 4534 -124 -728 63
383 640 4578 -87 -371 46
252 670 4587 -91 -383 61
481 575 4521 -121 -441 50
492 559 4541 -104 -217 50
429 626 4555 -80 -10 57
