661 553 4619 -90 -111 52
705 555 4545 -82 -62 50
632 596 4600 -67 -21 57
645 594 4617 -72 -68 61
695 565 4574 -78 -77 53
683 583 4580 -69 -21 58
655 601 4583 -74 -23 63
629 590 4605 -79 -47 61
652 570 4560 -84 -62 56
686 593 4574 -77 -49 56
688 583 4578 -77 -18 55
670 594 4576 -78 7 53
643 575 4587 -76 25 57
647 573 4578 -73 63 60
706 583 4555 -66 140 58
757 564 4519 -61 281 47
710 597 4521 -40 532 41
661 615 4495 -20 746 28
595 607 4522 -10 1005 23
221 628 4650 -12 1244 32
-206 647 4732 -30 1145 64
-292 646 4573 -71 757 39
-219 633 4536 -82 494 28
-159 611 4567 -74 358 34
-140 590 4547 -81 219 51
-142 610 4522 -86 143 60
-177 615 4531 -77 95 62
-172 615 4566 -80 13 64
-122 602 4531 -81 -59 65
-132 626 4527 -79 -61 58
-148 626 4550 -81 -55 55
-140 597 4527 -84 -72 62
-120 598 4543 -81 -92 61
-74 624 4554 -78 -86 58
-102 642 4544 -83 -42 55
-129 613 4534 -86 -29 54
-130 615 4541 -82 -22 46
-56 626 4531 -83 -3 42
108 624 4578 -86 120 42
25 609 4552 -96 531 21
-553 589 4541 -91 821 61
-350 653 4504 -88 604 75
-271 613 4517 -102 693 60
-507 622 4466 -116 931 62
-676 617 4424 -107 848 75
-741 607 4423 -126 599 68
-781 567 4399 -121 440 53
-708 586 4394 -88 337 43
-958 607 4367 -86 322 34
-871 583 4387 -90 105 43
-895 579 4379 -79 14 50
-831 593 4385 -58 -81 44
-813 621 4379 -52 -160 40
-789 618 4399 -57 -193 43
-745 604 4411 -70 -222 48
-734 601 4401 -72 -187 51
-778 615 4371 -75 -197 61
-786 615 4410 -78 -271 70
-752 607 4404 -73 -316 73
-671 614 4412 -66 -380 81
-655 618 4444 -63 -415 85
-553 621 4447 -60 -419 78
-487 628 4467 -49 -378 70
-466 642 4464 -53 -317 60
-486 657 4489 -65 -222 58
-521 629 4450 -82 -140 62
-561 637 4461 -90 -125 68
-559 620 4468 -88 -151 73
-405 681 4474 -60 -349 77
-312 584 4528 -80 -422 61
-412 634 4487 -88 -25 61
-432 641 4488 -82 -67 44
-465 638 4472 -93 -32 48
-477 645 4490 -90 -44 51
-498 635 4467 -84 -59 57
-487 666 4461 -82 -78 66
-473 627 4466 -95 -100 68
-418 638 4476 -87 -118 69
-395 624 4493 -85 -103 65
-457 654 4471 -74 -77 57
-163 692 4498 -64 -228 52
-422 649 4459 -91 -154 57
-460 648 4475 -88 -70 63
-418 656 4490 -88 -136 65
-369 651 4477 -95 -131 64
-351 651 4500 -96 -120 68
-330 635 4478 -87 -91 61
-311 649 4530 -82 -53 45
-388 641 4491 -80 0 34
-389 667 4501 -83 -9 38
-520 621 4456 -94 -11 42
-485 660 4492 -88 -11 41
-411 627 4477 -88 -70 48
-423 661 4486 -84 -72 57
-439 643 4478 -93 -85 63
-387 644 4492 -94 -108 65
-348 641 4502 -88 -106 56
-384 628 4489 -87 -72 48
-419 667 4483 -76 -53 48
-445 636 4476 -86 -63 47
-434 665 4481 -85 -91 55
-425 634 4498 -94 -112 66
-376 645 4505 -89 -127 72
-314 635 4505 -91 -114 57
-293 640 4518 -82 -76 53
-351 640 4506 -81 -16 43
-412 643 4505 -76 11 30
-418 660 4478 -78 -3 34
-433 644 4468 -91 -15 42
-460 656 4467 -88 -34 57
-457 629 4482 -94 -83 64
-395 656 4496 -78 -126 72
-350 646 4494 -89 -134 68
-341 639 4500 -90 -102 57
-366 629 4488 -91 -68 51
-409 641 4487 -81 -52 50
-423 670 4481 -76 -66 49
-439 645 4487 -89 -88 55
-403 657 4475 -91 -118 70
-386 646 4505 -94 -131 75
-340 650 4504 -92 -140 75
-280 640 4526 -92 -119 60
-278 650 4512 -77 -68 47
-332 653 4513 -82 -12 41
-406 647 4493 -88 10 33
-420 649 4490 -87 -6 36
-397 642 4498 -82 -28 44
-387 657 4493 -81 -37 52
