-93 666 4568 -84 -81 62
-73 646 4581 -83 -82 60
-82 637 4562 -87 -53 56
-83 635 4599 -85 -52 57
-89 652 4562 -82 -52 60
-100 650 4573 -79 -47 60
-97 642 4571 -87 -60 58
-102 640 4560 -81 -71 58
-90 648 4575 -82 -71 58
-79 656 4567 -81 -64 58
-98 658 4562 -84 -63 58
-91 638 4577 -89 -70 54
-87 646 4557 -91 -67 58
-81 642 4572 -82 -69 63
-68 655 4567 -84 -62 59
-75 643 4573 -86 -52 56
-93 648 4556 -86 -47 54
-110 635 4574 -88 -50 59
-93 652 4546 -82 -58 54
-73 652 4569 -87 -66 56
-79 649 4578 -81 -60 60
-89 650 4556 -84 -53 59
-105 636 4566 -89 -58 59
-81 658 4575 -81 -72 60
-91 643 4571 -86 -66 57
-79 660 4573 -84 -67 56
-97 634 4552 -86 -64 58
-81 647 4569 -83 -63 58
-69 641 4581 -82 -65 56
-75 647 4561 -84 -57 51
-105 656 4552 -86 -53 59
-115 645 4570 -87 -58 60
-81 658 4573 -82 -76 59
-77 636 4567 -87 -65 54
-90 652 4549 -85 -60 56
-96 638 4557 -90 -63 58
-78 654 4565 -86 -75 56
-76 645 4582 -87 -67 55
-91 660 4571 -83 -61 57
-90 641 4564 -88 -63 57
-84 652 4577 -84 -70 56
-76 644 4555 -84 -68 58
-90 639 4561 -84 -60 58
-97 651 4588 -84 -64 59
-100 632 4554 -86 -68 58
-83 663 4582 -81 -71 57
-83 635 4563 -88 -70 60
-90 636 4590 -90 -65 58
-61 658 4562 -80 -70 60
-81 655 4565 -85 -60 57
-98 667 4577 -88 -58 54
-96 632 4556 -91 -64 50
-62 649 4575 -86 -77 56
-92 646 4545 -84 -70 61
-74 667 4588 -83 -68 56
-97 640 4557 -86 -68 56
-83 653 4575 -88 -66 56
-87 647 4570 -89 -68 56
-77 643 4563 -89 -72 53
-76 650 4570 -88 -70 55
-82 639 4567 -87 -66 58
-82 658 4580 -87 -69 58
-18 644 4557 -91 -51 56
-123 652 4567 -85 -26 57
-7 647 4585 -95 -58 54
-202 643 4589 -94 10 57
-53 629 4552 -94 -80 56
-94 636 4606 -82 -65 57
-59 644 4536 -90 -60 58
-100 651 4594 -84 -71 57
-102 609 4561 -90 -68 54
-91 650 4555 -86 -76 58
-91 643 4574 -84 -64 56
-72 630 4574 -84 -65 59
-94 646 4576 -83 -56 61
-83 644 4535 -89 -62 60
-79 653 4577 -83 -61 54
-78 628 4547 -88 -54 57
-80 651 4571 -83 -50 56
-86 629 4546 -88 -48 56
-85 630 4587 -82 -56 56
-92 634 4568 -78 -48 60
-88 652 4561 -79 -47 61
-98 636 4572 -83 -40 60
-100 641 4563 -85 -35 59
-56 647 4563 -78 -19 62
-126 649 4550 -83 19 65
-97 626 4582 -84 68 64
-160 622 4547 -87 80 64
-176 671 4545 -82 41 64
-207 634 4539 -89 -11 60
-152 655 4557 -81 -49 59
-139 644 4552 -83 -58 60
-132 670 4562 -82 -55 60
-171 645 4555 -87 -52 62
-163 647 4557 -89 -60 56
-128 636 4563 -86 -62 58
-160 625 4554 -83 -50 65
-175 656 4564 -80 -50 61
-166 634 4557 -89 -59 58
-140 665 4562 -87 -69 56
-172 645 4571 -89 -63 59
-173 651 4565 -82 -67 62
-155 636 4550 -84 -77 59
-139 654 4559 -81 -81 60
-147 641 4567 -87 -71 61
-152 651 4554 -84 -65 60
-141 651 4570 -87 -71 60
-146 643 4552 -87 -71 58
-137 644 4559 -87 -62 57
-164 624 4580 -86 -61 58
-137 663 4557 -81 -66 55
-154 641 4545 -89 -60 54
-148 656 4579 -86 -61 59
-170 623 4567 -92 -57 60
-145 647 4562 -82 -66 60
-143 644 4554 -86 -68 57
-139 651 4562 -86 -66 61
-143 636 4578 -89 -56 58
-174 647 4539 -84 -59 57
-182 660 4563 -83 -54 55
-150 630 4540 -88 -69 59
-122 643 4568 -83 -72 57
-153 641 4563 -81 -58 63
-159 649 4561 -82 -59 62
-131 645 4544 -84 -65 57
-147 649 4546 -86 -55 55
-156 653 4551 -79 -56 58
