-2135 471 3662 -76 -133 39
-2139 457 3695 -65 -71 53
-2300 476 3608 -49 36 90
-2342 551 3601 -54 -17 91
-2240 529 3626 -78 -65 53
-2180 467 3646 -98 -45 27
-2252 442 3625 -88 15 40
-2327 447 3578 -61 34 66
-2305 468 3573 -46 -20 79
-2137 489 3652 -48 -65 73
-2203 521 3625 -54 29 76
-2380 524 3546 -77 75 64
-2391 505 3549 -94 -26 33
-2209 473 3619 -97 -105 -8
-2075 508 3665 -77 -59 -47
-2183 467 3643 -85 119 -51
-2340 448 3528 -94 225 -27
-2398 439 3511 -102 205 -5
-2346 405 3509 -101 167 4
-2300 362 3486 -87 170 31
-2316 387 3545 -42 210 100
-2586 458 3450 0 278 137
-2772 509 3388 -7 119 124
-2626 456 3451 -32 -207 105
-2353 445 3504 -52 -338 98
-2247 482 3564 -37 -311 121
-2382 496 3501 -37 -197 143
-2457 478 3452 -53 -193 168
-2397 509 3473 -45 -290 169
-2274 523 3566 -50 -352 167
-2278 516 3570 -65 -331 161
-2279 526 3587 -75 -309 149
-2304 544 3576 -82 -325 139
-2280 512 3613 -95 -376 121
-2240 510 3627 -96 -418 108
-2156 497 3665 -90 -433 98
-2030 509 3720 -77 -415 87
-1997 500 3746 -61 -316 93
-1950 504 3778 -53 -202 116
-1996 570 3758 -40 -68 105
-2105 601 3702 -48 29 73
-2085 596 3707 -88 42 19
-2073 554 3736 -114 52 -34
-2103 506 3720 -113 111 -83
-2067 485 3685 -101 167 -97
-2095 570 3712 -69 246 -70
-2313 469 3611 -58 331 -37
-2473 598 3554 -79 283 -57
-2397 442 3534 -88 136 -34
-2390 434 3555 -103 7 -48
-2293 466 3552 -94 -93 4
-2238 282 3592 -111 -150 54
-2260 356 3629 -71 -151 129
-2257 464 3598 -102 -163 116
-2269 427 3608 -82 -166 155
-2196 435 3635 -51 -198 166
-2193 504 3650 -47 -177 177
-2190 512 3646 -45 -146 203
-2183 558 3659 -45 -152 192
-2168 576 3669 -49 -152 190
-2127 610 3683 -61 -144 172
-2111 566 3664 -97 -99 114
-2164 535 3673 -115 -56 65
-2101 533 3698 -117 -43 45
-2151 517 3651 -120 0 32
-2218 428 3622 -83 0 37
-2265 422 3636 -40 -81 52
-2200 415 3662 -54 -151 50
-2111 486 3694 -38 -180 75
-2048 520 3702 -44 -135 119
-2116 491 3697 -68 -79 145
-2429 392 3569 -56 -88 183
-2315 525 3604 18 -319 240
-1899 461 3789 -22 -407 164
-1741 645 3856 -64 -188 67
-1850 649 3726 -58 43 73
-2111 672 3713 -102 158 58
-2003 760 3708 -80 198 61
-2257 583 3621 -189 220 11
-2434 461 3550 -211 159 14
-2322 398 3617 -159 -65 50
-2174 448 3677 -93 -154 77
-2043 528 3731 -34 -152 102
-2001 609 3743 -36 -49 83
-2103 558 3710 -79 98 60
-2221 523 3635 -101 155 31
-2303 492 3609 -82 120 36
-2315 504 3591 -61 36 33
-2277 502 3591 -55 -62 53
-2168 542 3665 -31 -130 63
-2146 559 3674 -29 -116 62
-2163 538 3665 -46 -64 54
-2176 543 3659 -64 -41 55
-2170 535 3647 -64 -30 52
-2167 534 3663 -73 -5 52
-2151 514 3631 -82 23 40
-2205 514 3648 -79 48 48
-2233 532 3622 -73 58 56
-2252 526 3606 -72 54 48
-2235 524 3608 -79 27 40
-2249 527 3621 -69 19 42
-2284 527 3587 -66 29 62
-2269 520 3574 -70 -5 55
-2223 530 3635 -59 -48 46
-2235 544 3622 -45 -16 54
-2264 524 3599 -65 11 54
-2301 510 3563 -89 4 50
-2288 528 3574 -79 -31 63
-2255 478 3581 -51 -47 67
-2219 513 3599 -66 -44 54
-2250 533 3599 -68 -25 55
-2347 495 3531 -65 -5 65
-2452 465 3506 -25 -82 94
-2314 513 3527 13 -227 143
-2237 658 3656 3 -264 134
-2049 675 3700 -21 -243 83
-1967 636 3736 -59 -127 41
-2105 559 3679 -108 48 10
-2262 525 3613 -130 158 -3
-2377 512 3543 -120 133 37
-2417 459 3523 -86 17 77
-2313 526 3567 -60 -51 78
-2223 598 3624 -39 -96 90
-2196 591 3602 -71 -63 68
-2238 559 3619 -92 -21 49
-2272 549 3581 -92 -10 48
-2282 541 3596 -89 -21 47
-2267 522 3583 -82 -36 49
