435 614 4599 -81 -57 60
459 619 4614 -82 -56 55
429 613 4582 -80 -46 59
439 602 4587 -83 -53 56
433 620 4579 -79 -60 59
459 625 4587 -82 -66 58
424 618 4595 -78 -55 54
427 607 4601 -82 -60 53
424 618 4577 -81 -61 56
443 614 4588 -78 -63 58
425 618 4583 -83 -64 57
455 612 4578 -80 -82 58
457 627 4591 -81 -78 57
430 619 4588 -82 -63 57
431 605 4591 -87 -76 57
444 608 4577 -82 -66 52
454 630 4578 -84 -64 57
423 623 4574 -79 -61 59
454 618 4597 -86 -67 56
433 618 4571 -83 -71 57
444 617 4578 -83 -65 58
432 621 4581 -80 -67 54
448 608 4575 -87 -80 59
456 621 4567 -76 -69 59
449 607 4577 -82 -66 63
448 620 4597 -82 -69 57
460 604 4555 -86 -70 57
461 624 4579 -78 -65 52
435 605 4564 -82 -64 62
446 623 4575 -80 -69 58
471 608 4577 -85 -64 56
452 627 4573 -81 -64 61
441 618 4582 -82 -55 55
445 624 4576 -79 -71 56
454 606 4567 -83 -69 55
459 621 4584 -80 -60 57
459 616 4568 -83 -53 59
453 632 4583 -79 -51 55
448 611 4568 -81 -45 56
474 616 4555 -82 -27 53
455 602 4556 -82 15 56
450 627 4575 -79 50 47
416 608 4550 -77 91 51
423 617 4569 -74 102 52
361 600 4551 -75 123 52
333 611 4611 -68 108 50
293 630 4575 -70 66 49
368 618 4583 -78 3 50
351 617 4565 -77 12 48
357 624 4585 -71 55 53
247 647 4560 -72 58 58
302 608 4569 -80 11 53
295 624 4564 -74 8 57
323 633 4579 -76 7 50
277 620 4545 -77 15 56
286 622 4590 -74 23 57
196 626 4550 -75 23 60
250 629 4574 -77 -42 61
261 623 4538 -82 -54 57
273 626 4601 -77 -49 56
202 628 4537 -81 -61 58
295 628 4586 -81 -87 48
263 622 4548 -77 -73 44
324 617 4577 -82 -89 43
269 637 4572 -76 -70 50
279 612 4550 -87 -72 55
265 636 4590 -76 -69 54
256 626 4562 -83 -72 58
291 631 4574 -81 -86 59
285 619 4545 -86 -75 60
300 621 4583 -84 -78 61
254 626 4559 -83 -64 61
270 625 4560 -85 -75 60
263 640 4562 -83 -78 58
284 620 4556 -84 -84 54
294 629 4586 -82 -80 44
306 623 4559 -82 -78 50
302 635 4556 -81 -75 56
279 622 4555 -84 -67 57
284 644 4576 -80 -80 54
294 611 4546 -86 -84 53
305 641 4577 -81 -74 49
289 625 4553 -85 -68 56
296 630 4569 -81 -77 55
283 633 4569 -83 -61 56
291 641 4570 -83 -68 56
274 626 4574 -83 -67 58
296 615 4587 -84 -74 56
287 626 4569 -81 -68 60
312 645 4576 -82 -71 60
289 634 4581 -84 -69 63
298 628 4566 -86 -70 55
294 625 4566 -80 -66 59
307 645 4590 -82 -70 56
308 618 4550 -84 -71 56
321 637 4579 -82 -70 56
281 612 4552 -86 -69 61
320 634 4591 -81 -79 54
292 628 4535 -87 -65 55
322 644 4599 -82 -76 54
253 612 4556 -88 -62 55
337 620 4584 -81 -89 56
290 635 4566 -79 -74 59
337 621 4603 -86 -75 58
260 636 4537 -78 -54 55
348 618 4591 -90 -83 55
274 643 4579 -77 -55 57
325 613 4559 -91 -68 60
311 632 4572 -76 -64 53
315 626 4550 -87 -62 56
319 644 4571 -81 -57 57
306 614 4568 -88 -43 62
330 627 4573 -90 -53 67
316 630 4560 -84 -28 65
319 625 4554 -85 -15 63
356 614 4561 -80 17 59
333 621 4563 -80 77 62
339 633 4552 -77 121 76
241 639 4589 -68 225 66
133 645 4583 -60 232 69
86 644 4589 -77 188 65
35 647 4570 -68 137 51
67 637 4579 -74 18 40
226 635 4557 -73 -37 36
193 650 4565 -71 -14 44
128 657 4556 -78 5 48
92 617 4565 -83 4 45
113 639 4573 -75 -44 49
