201 632 4586 -83 -57 62
200 624 4590 -82 -56 68
223 626 4589 -79 -60 65
207 644 4598 -77 -58 60
211 631 4585 -81 -66 63
211 637 4587 -78 -62 62
215 627 4565 -82 -59 59
216 641 4592 -77 -59 62
179 626 4581 -83 -58 62
218 652 4587 -79 -64 57
214 629 4572 -79 -60 57
209 637 4589 -76 -62 58
180 626 4587 -81 -61 60
226 631 4578 -80 -74 57
229 645 4575 -79 -66 52
202 641 4586 -81 -52 56
164 633 4566 -81 -54 58
232 617 4564 -81 -73 55
230 633 4582 -78 -66 55
197 638 4590 -83 -57 59
198 632 4578 -82 -62 59
218 633 4565 -82 -70 56
220 622 4568 -80 -67 63
207 647 4566 -82 -64 63
210 630 4573 -83 -57 60
210 627 4550 -82 -56 64
212 636 4567 -82 -54 66
229 641 4576 -79 -50 61
239 626 4534 -84 -36 58
225 643 4567 -82 -14 63
181 599 4553 -86 11 60
206 655 4568 -76 -9 69
152 645 4570 -85 24 65
193 636 4579 -83 38 61
174 642 4561 -83 39 67
132 632 4572 -85 41 60
83 631 4559 -82 40 56
134 627 4568 -82 13 66
112 636 4562 -80 6 65
132 635 4562 -83 -10 61
98 652 4549 -78 -14 66
111 643 4561 -84 -34 58
98 634 4555 -79 -39 59
112 642 4577 -82 -55 55
87 637 4551 -81 -52 61
104 654 4568 -81 -59 57
118 638 4551 -84 -63 58
115 642 4564 -80 -61 54
98 634 4544 -85 -58 60
116 642 4572 -78 -60 59
115 637 4549 -85 -61 59
102 643 4563 -82 -52 61
100 628 4558 -83 -54 62
119 642 4572 -82 -60 58
114 644 4548 -81 -60 54
109 650 4563 -82 -63 59
100 643 4552 -84 -61 58
107 638 4568 -80 -65 56
110 631 4558 -82 -61 57
124 643 4554 -84 -61 59
98 653 4554 -82 -52 58
110 643 4566 -86 -60 54
76 655 4562 -82 -59 51
100 625 4562 -86 -64 58
116 650 4561 -81 -69 59
108 625 4558 -86 -59 56
88 645 4565 -81 -63 56
103 630 4549 -88 -68 58
124 646 4577 -81 -69 57
103 632 4532 -85 -62 56
110 646 4566 -82 -58 52
102 629 4532 -89 -56 59
88 647 4575 -80 -56 55
104 632 4556 -84 -57 58
112 649 4557 -85 -60 55
84 637 4542 -85 -56 53
84 638 4573 -82 -65 62
113 647 4557 -80 -62 54
116 639 4554 -82 -64 57
102 640 4562 -84 -58 57
85 639 4549 -85 -60 60
104 646 4556 -80 -64 56
126 633 4558 -83 -71 57
99 643 4556 -84 -63 57
94 638 4556 -84 -62 59
94 641 4560 -83 -65 56
102 649 4558 -82 -63 53
97 642 4559 -81 -63 54
98 646 4553 -84 -67 59
105 644 4559 -81 -67 53
104 653 4540 -83 -64 56
106 634 4581 -84 -65 54
90 636 4542 -87 -65 59
115 662 4582 -83 -64 55
92 646 4539 -84 -61 56
101 644 4578 -82 -61 57
91 631 4553 -85 -58 61
131 642 4560 -85 -72 58
104 659 4559 -83 -54 52
98 643 4538 -86 -61 55
106 645 4573 -82 -58 49
117 633 4538 -87 -58 54
114 661 4577 -81 -56 57
98 641 4540 -85 -53 49
93 647 4569 -80 -58 52
87 644 4543 -86 -58 55
110 661 4557 -80 -60 52
89 636 4553 -89 -52 52
95 648 4565 -81 -58 57
101 645 4565 -89 -61 57
85 647 4549 -83 -59 56
113 646 4570 -87 -65 59
94 653 4563 -82 -64 61
104 627 4548 -88 -62 55
96 641 4551 -83 -61 57
111 648 4548 -86 -61 56
109 649 4575 -81 -61 57
101 632 4543 -89 -61 55
104 646 4587 -83 -64 51
87 625 4536 -89 -62 54
95 652 4586 -83 -64 51
94 629 4527 -89 -65 57
106 647 4575 -82 -66 55
79 633 4553 -88 -59 60
93 643 4556 -84 -65 58
108 646 4564 -88 -67 57
111 644 4555 -84 -69 59
93 659 4560 -83 -58 52
