1340 387 4495 -74 -83 66
1337 386 4478 -79 -72 74
1376 390 4464 -75 -98 75
1438 369 4439 -79 -98 71
1369 397 4476 -74 -50 61
1318 405 4477 -70 -42 66
1319 382 4497 -72 -76 72
1395 389 4451 -72 -92 61
1395 403 4452 -70 -82 60
1405 386 4451 -73 -73 65
1379 360 4473 -69 -46 65
1340 390 4481 -69 -47 76
1354 417 4488 -78 -84 68
1383 419 4429 -80 -90 61
1390 381 4466 -79 -74 58
1356 398 4441 -75 -74 69
1369 400 4478 -79 -78 66
1387 394 4450 -74 -78 64
1381 397 4446 -77 -81 67
1384 388 4462 -74 -82 68
1372 391 4459 -77 -56 67
1355 405 4471 -72 -52 72
1347 398 4469 -79 -66 70
1386 406 4450 -79 -91 72
1411 383 4429 -81 -80 70
1421 399 4463 -77 -48 65
1394 377 4434 -81 -43 59
1411 384 4444 -79 -46 53
1386 389 4450 -75 -19 50
1391 393 4444 -71 -9 56
1380 402 4446 -66 14 59
1376 388 4393 -65 32 65
1337 366 4532 -70 47 67
1362 418 4432 -56 75 77
1372 409 4439 -66 127 75
1314 391 4483 -65 163 73
1222 409 4479 -52 149 83
1258 389 4468 -68 80 72
1312 412 4470 -65 104 59
1110 417 4517 -69 117 59
1233 437 4496 -57 5 64
1213 387 4529 -65 32 58
1102 407 4522 -65 49 56
1222 431 4522 -63 -78 56
1236 405 4470 -74 -104 57
1228 417 4464 -76 -40 53
1191 417 4524 -68 -59 59
1197 380 4488 -85 -86 52
1246 401 4518 -125 -128 54
1219 431 4485 -84 -126 59
1252 424 4479 -88 -109 52
1250 393 4486 -83 -108 56
1261 389 4479 -78 -90 53
1232 396 4467 -73 -64 52
1234 411 4479 -76 -59 55
1274 428 4470 -82 -72 57
1289 406 4445 -82 -57 57
1264 408 4478 -77 -10 55
1241 403 4462 -73 16 57
1246 397 4468 -72 49 58
1292 396 4432 -72 100 59
1496 422 4355 -71 310 42
1369 264 4398 -57 714 48
1088 540 4416 87 917 135
878 414 4452 1 971 105
778 447 4562 59 902 118
660 477 4580 46 935 94
580 535 4552 62 955 86
584 459 4546 56 925 85
668 513 4626 54 949 75
507 530 4480 68 1041 126
291 534 4524 108 1118 171
-126 552 4737 94 1157 148
-494 741 4664 76 906 123
-373 485 4539 -24 448 72
-128 457 4552 -46 130 34
31 595 4506 -41 162 3
-17 585 4537 -56 286 -6
-110 558 4515 -61 297 22
-215 535 4529 -62 262 24
-320 482 4596 -62 186 26
-247 569 4503 -44 57 36
-186 558 4547 -24 0 39
-188 588 4496 -12 -22 46
-265 592 4522 -32 -27 67
-323 572 4510 -21 -82 83
-279 610 4542 -27 -201 78
-142 567 4528 -85 -268 74
-35 636 4565 -107 -232 61
15 646 4531 -69 -153 67
-62 545 4547 -112 -77 69
-160 653 4517 -70 -34 61
-265 618 4520 -51 -32 66
-141 624 4520 -114 -105 68
-148 558 4536 -54 -101 81
-129 585 4556 -66 -113 82
-121 669 4520 -93 -95 71
-120 585 4529 -72 -84 74
-123 602 4549 -93 -99 72
-51 611 4545 -73 -107 76
-108 651 4522 -138 -78 65
-113 605 4540 -70 -103 73
-136 584 4508 -130 -95 66
-113 583 4513 -87 -110 73
-50 594 4515 -98 -120 76
-48 645 4548 -100 -90 67
-104 588 4530 -90 -97 66
-59 593 4538 -86 -101 62
-89 591 4530 -91 -90 63
-71 591 4556 -82 -93 58
-78 580 4539 -89 -93 59
-75 587 4544 -85 -94 55
-43 595 4530 -87 -94 57
-45 591 4544 -86 -77 55
-81 584 4547 -84 -69 52
-72 584 4531 -87 -87 53
-47 583 4550 -92 -98 54
-38 584 4538 -88 -97 54
-68 588 4559 -86 -76 58
-74 575 4536 -85 -91 57
-39 585 4549 -83 -101 56
-48 588 4551 -84 -94 61
-54 586 4548 -87 -98 62
-51 579 4547 -86 -94 61
-7 588 4552 -86 -101 47
30 574 4538 -85 -88 46
-42 571 4545 -80 -56 54
-66 568 4541 -83 -46 59
