320 545 4594 -82 -44 69
357 529 4579 -81 -52 68
341 538 4611 -78 -48 65
335 531 4587 -75 -81 68
371 540 4597 -79 -85 62
349 534 4611 -78 -67 66
359 542 4589 -78 -71 69
328 543 4598 -78 -72 67
332 542 4587 -79 -77 76
356 536 4590 -79 -74 75
369 536 4575 -81 -65 79
395 533 4600 -82 -63 76
355 546 4586 -80 -43 68
378 537 4582 -84 -55 77
359 534 4588 -81 -51 68
356 533 4584 -81 -57 66
350 538 4595 -78 -67 68
348 545 4592 -81 -67 63
359 551 4582 -78 -69 58
347 543 4565 -80 -72 67
351 541 4589 -76 -70 67
341 545 4579 -78 -63 67
364 551 4592 -76 -77 68
362 545 4562 -82 -66 65
392 545 4582 -80 -71 63
354 534 4572 -80 -59 62
370 550 4594 -79 -69 67
359 538 4579 -81 -60 63
378 541 4580 -81 -65 62
361 546 4592 -81 -61 63
352 539 4577 -84 -65 63
366 552 4583 -78 -72 64
367 545 4574 -81 -73 63
388 548 4601 -78 -71 61
364 532 4582 -83 -61 59
385 541 4600 -78 -65 60
357 537 4575 -84 -57 61
389 552 4600 -79 -61 60
360 531 4581 -83 -58 55
376 536 4603 -79 -68 61
367 534 4562 -81 -70 57
396 543 4590 -81 -68 63
376 544 4588 -82 -52 60
360 545 4583 -81 -62 62
352 543 4597 -77 -62 57
387 544 4577 -81 -67 59
390 537 4597 -79 -60 56
345 536 4573 -82 -57 56
348 552 4608 -78 -63 59
373 528 4583 -78 -78 61
393 543 4589 -77 -75 62
366 541 4566 -81 -60 63
362 559 4606 -77 -66 59
358 536 4585 -80 -71 61
393 531 4591 -78 -73 57
372 540 4596 -80 -66 60
366 549 4595 -79 -77 61
383 539 4602 -82 -82 62
377 539 4582 -80 -76 54
381 538 4599 -78 -66 53
367 541 4577 -80 -74 61
387 539 4611 -77 -84 57
396 542 4570 -81 -81 61
369 553 4624 -79 -75 53
368 535 4561 -76 -92 59
331 551 4661 -77 -100 47
356 541 4573 -84 -121 51
503 510 4589 -82 -174 59
319 560 4587 -73 -87 55
487 567 4549 -77 -133 57
362 515 4621 -69 -116 63
425 537 4588 -83 -139 65
449 537 4600 -75 -153 67
416 539 4588 -72 -108 59
466 544 4583 -81 -123 63
460 543 4585 -75 -97 69
472 548 4586 -78 -73 67
438 519 4580 -80 -66 67
460 543 4602 -68 -54 66
426 542 4568 -82 -66 69
406 547 4599 -83 -111 67
477 544 4580 -85 -172 71
499 543 4588 -89 -126 61
462 561 4606 -81 -105 64
469 547 4552 -85 -132 68
448 536 4601 -91 -150 63
503 529 4583 -84 -175 64
503 552 4583 -92 -152 61
509 548 4595 -89 -151 59
524 544 4590 -84 -167 61
540 530 4572 -90 -152 57
533 549 4592 -87 -122 54
522 540 4585 -85 -99 50
573 538 4588 -84 -131 55
572 524 4561 -84 -113 57
579 548 4573 -83 -67 58
528 533 4560 -83 -50 58
558 536 4586 -80 -64 55
520 540 4578 -83 -63 62
591 548 4582 -80 -74 56
554 532 4568 -85 -63 58
575 541 4571 -82 -57 60
527 533 4580 -83 -45 56
570 544 4569 -84 -56 52
543 537 4585 -83 -46 54
539 535 4583 -80 -54 56
544 532 4582 -80 -68 57
569 534 4567 -82 -76 60
562 556 4581 -83 -66 57
535 538 4572 -84 -59 56
548 527 4573 -80 -60 54
567 519 4563 -82 -66 56
554 540 4569 -78 -53 57
567 538 4566 -82 -53 58
542 540 4576 -84 -51 61
555 528 4569 -82 -56 57
538 530 4564 -82 -50 57
561 531 4572 -79 -53 56
556 539 4573 -84 -52 54
547 536 4568 -84 -44 54
560 544 4576 -82 -44 60
528 542 4561 -84 -47 62
538 540 4581 -81 -60 52
540 535 4574 -83 -66 56
539 535 4575 -80 -70 58
532 541 4557 -80 -63 60
550 540 4576 -80 -70 61
550 535 4559 -84 -67 52
