407 555 4604 -74 -96 67
485 528 4588 -77 -104 66
461 526 4583 -79 -78 68
444 535 4596 -80 -58 75
406 530 4612 -78 -68 74
488 536 4579 -77 -105 66
496 537 4586 -79 -86 62
464 519 4593 -78 -56 58
433 527 4602 -75 -67 64
445 536 4562 -81 -89 60
501 537 4591 -81 -101 59
464 520 4588 -81 -75 59
465 546 4601 -78 -72 64
416 529 4591 -81 -66 64
456 539 4598 -79 -86 66
445 528 4571 -80 -89 66
493 554 4584 -76 -108 69
491 529 4569 -77 -97 68
509 528 4580 -80 -91 65
487 546 4606 -74 -74 60
429 541 4622 -76 -94 60
546 536 4546 -66 -129 60
474 510 4619 -80 -90 49
527 551 4591 -73 -93 63
428 544 4584 -82 -83 59
532 542 4586 -76 -128 54
493 533 4582 -81 -101 53
532 532 4592 -80 -106 63
507 548 4551 -77 -112 64
515 518 4589 -85 -112 56
515 523 4587 -81 -92 54
552 527 4590 -76 -78 56
524 558 4583 -82 -79 61
514 557 4598 -78 -84 66
558 529 4569 -82 -76 60
523 536 4592 -81 -47 64
535 545 4592 -75 -45 66
518 539 4578 -77 -46 62
528 534 4591 -75 -46 62
520 534 4581 -79 -46 64
520 542 4586 -82 -45 61
518 544 4596 -79 -31 63
528 536 4580 -83 -33 61
536 535 4567 -82 -12 61
515 530 4606 -83 22 59
533 543 4584 -82 65 56
504 527 4565 -80 110 55
482 533 4577 -75 156 57
464 525 4571 -77 190 56
478 525 4570 -70 231 50
461 516 4564 -60 343 50
395 547 4561 -41 470 53
271 525 4586 -38 575 51
148 546 4602 -17 559 54
52 574 4617 -31 451 60
19 566 4594 -37 320 59
3 555 4593 -31 212 52
28 566 4604 -59 87 46
94 583 4584 -63 36 55
34 566 4583 -67 78 64
32 561 4603 -68 73 68
41 573 4586 -75 16 70
5 567 4578 -74 -24 70
91 568 4570 -79 -28 60
23 565 4582 -80 29 61
17 556 4585 -81 4 64
-18 586 4569 -78 -40 72
-10 569 4588 -83 -55 61
29 571 4573 -79 -82 57
35 572 4568 -82 -94 62
23 567 4564 -79 -93 59
28 566 4578 -79 -97 61
18 562 4556 -77 -114 60
50 576 4583 -80 -143 65
60 550 4558 -81 -131 65
52 561 4566 -81 -112 65
52 569 4553 -81 -104 59
41 573 4567 -81 -123 64
88 561 4548 -79 -137 63
88 567 4577 -82 -110 62
78 574 4571 -80 -89 60
59 573 4571 -81 -87 57
84 570 4557 -81 -101 61
82 557 4573 -79 -104 61
111 583 4568 -80 -97 61
89 560 4566 -81 -84 58
99 566 4559 -78 -91 64
100 565 4562 -79 -91 62
127 569 4548 -79 -89 60
99 569 4560 -81 -73 62
111 574 4567 -79 -83 56
110 575 4566 -79 -87 55
129 572 4557 -78 -90 53
83 576 4563 -82 -69 57
103 570 4566 -80 -84 60
141 561 4557 -79 -98 55
123 576 4552 -81 -88 56
121 579 4560 -82 -82 58
102 567 4563 -80 -87 65
131 569 4565 -81 -80 65
135 568 4553 -81 -79 59
118 565 4569 -82 -77 61
124 574 4555 -81 -90 64
160 585 4553 -80 -88 58
145 569 4564 -82 -68 62
128 564 4551 -80 -67 61
116 578 4564 -79 -67 58
156 564 4540 -83 -76 55
155 575 4549 -78 -67 62
136 571 4554 -83 -58 61
133 573 4571 -80 -68 59
123 582 4552 -81 -70 54
155 567 4555 -82 -73 57
128 566 4558 -80 -66 59
135 569 4549 -83 -73 56
134 578 4565 -84 -65 61
155 571 4554 -83 -70 61
138 569 4562 -81 -66 58
136 580 4564 -82 -66 52
149 568 4567 -82 -71 58
135 562 4556 -80 -60 55
157 565 4555 -82 -67 54
149 575 4558 -82 -59 51
147 583 4565 -86 -62 58
123 559 4563 -84 -61 55
103 572 4583 -79 -78 58
156 564 4543 -79 -141 57
207 593 4552 -77 -108 55
