581 518 4590 -73 -67 66
543 531 4614 -72 -78 69
612 549 4577 -75 -84 65
577 527 4592 -71 -72 76
570 513 4580 -77 -68 74
599 529 4587 -69 -69 80
589 517 4587 -75 -45 74
606 544 4587 -77 -66 70
616 551 4599 -81 -70 71
586 546 4563 -81 -68 66
601 516 4602 -84 -85 66
598 513 4578 -81 -77 62
579 520 4572 -83 -72 60
593 556 4570 -82 -71 65
570 531 4585 -82 -56 62
585 537 4587 -79 -64 62
584 523 4585 -79 -72 63
600 531 4567 -80 -65 65
609 536 4561 -84 -64 65
603 525 4585 -82 -56 62
598 523 4576 -81 -58 61
593 531 4586 -81 -68 60
609 545 4562 -80 -71 57
597 537 4559 -82 -65 62
586 539 4581 -79 -69 59
580 539 4554 -79 -71 62
608 537 4565 -80 -69 58
611 530 4569 -82 -66 60
613 526 4570 -79 -63 56
621 528 4563 -79 -71 56
611 529 4561 -82 -74 53
628 525 4575 -82 -73 57
604 536 4569 -82 -66 55
623 540 4560 -83 -67 49
587 538 4577 -83 -56 50
599 527 4573 -82 -60 54
588 522 4563 -83 -61 52
602 530 4569 -80 -55 56
608 531 4554 -80 -60 60
587 528 4563 -80 -56 63
591 534 4576 -81 -65 61
597 529 4569 -80 -71 64
598 521 4565 -82 -68 65
606 529 4578 -80 -64 65
604 532 4564 -82 -67 64
598 534 4583 -80 -66 60
588 517 4567 -80 -67 62
571 531 4584 -79 -95 61
665 550 4552 -82 -114 60
589 523 4579 -86 -59 53
653 544 4568 -80 -89 61
615 526 4567 -84 -73 56
632 534 4558 -84 -72 54
648 532 4560 -83 -62 55
626 529 4564 -83 -52 52
626 526 4570 -84 -52 53
620 538 4554 -83 -55 47
615 546 4562 -83 -53 48
611 532 4561 -83 -58 49
613 528 4574 -84 -55 49
608 533 4555 -85 -59 48
624 538 4559 -83 -62 50
618 532 4580 -83 -53 54
606 536 4576 -83 -49 48
619 533 4571 -84 -59 51
604 528 4572 -85 -51 50
596 533 4572 -82 -59 54
601 533 4570 -83 -61 57
622 529 4565 -81 -61 57
604 539 4572 -82 -53 60
600 529 4565 -82 -54 58
603 533 4569 -84 -62 52
616 539 4568 -83 -64 56
633 531 4566 -81 -64 58
621 534 4565 -85 -60 54
614 539 4567 -86 -63 55
608 547 4571 -84 -67 54
595 536 4553 -83 -60 56
614 538 4573 -84 -68 55
605 527 4557 -83 -67 53
609 513 4568 -88 -69 57
629 540 4562 -84 -64 63
635 551 4559 -85 -63 58
622 535 4572 -83 -62 59
648 519 4564 -85 -67 53
623 516 4571 -85 -49 49
609 549 4563 -84 -45 49
621 536 4565 -86 -59 50
592 535 4568 -84 -56 51
602 527 4556 -83 -62 58
599 528 4568 -84 -57 52
603 545 4586 -83 -58 59
606 529 4567 -82 -61 65
629 536 4572 -82 -62 60
607 517 4574 -84 -57 60
615 541 4558 -84 -65 62
618 539 4567 -83 -63 57
624 532 4577 -84 -59 55
620 524 4560 -85 -60 53
620 532 4559 -85 -60 58
602 531 4563 -83 -50 54
613 533 4562 -83 -57 57
605 534 4569 -83 -51 58
616 531 4557 -84 -49 59
623 532 4570 -83 -50 57
601 524 4559 -83 -49 55
593 547 4576 -82 -62 56
600 533 4571 -87 -66 57
602 529 4576 -81 -74 55
617 529 4571 -83 -77 61
632 538 4571 -83 -75 57
658 537 4563 -84 -74 54
632 543 4558 -84 -61 45
596 532 4569 -83 -59 45
596 530 4557 -86 -65 49
605 546 4575 -84 -62 45
626 541 4564 -83 -64 50
594 534 4569 -85 -56 51
610 524 4575 -83 -67 50
630 532 4563 -85 -69 50
623 523 4569 -82 -64 54
608 537 4568 -83 -64 56
625 516 4568 -84 -64 54
615 536 4569 -84 -61 56
619 537 4565 -85 -66 61
620 543 4570 -83 -61 62
607 522 4553 -83 -59 61
619 539 4567 -83 -61 62
