645 537 4577 -84 -59 59
657 523 4611 -79 -59 62
653 511 4561 -83 -61 66
664 542 4591 -78 -71 71
640 535 4593 -81 -64 74
691 528 4581 -79 -83 69
667 516 4598 -82 -69 70
697 536 4573 -81 -71 69
659 530 4593 -78 -53 73
672 524 4579 -82 -57 71
668 522 4571 -80 -63 65
668 536 4575 -81 -57 67
647 540 4597 -80 -64 64
655 524 4574 -79 -69 65
683 535 4586 -74 -64 69
620 529 4596 -83 -60 68
673 569 4584 -78 -69 69
694 561 4570 -79 -73 64
687 531 4559 -84 -66 57
672 522 4576 -81 -63 59
648 527 4587 -80 -63 57
687 536 4567 -83 -77 55
669 540 4588 -84 -70 51
690 517 4563 -84 -76 54
635 524 4591 -81 -56 60
690 530 4544 -85 -78 55
676 544 4599 -81 -65 54
686 528 4553 -85 -68 59
650 535 4607 -81 -60 54
653 513 4554 -84 -67 59
698 541 4584 -81 -76 54
683 534 4566 -82 -62 51
671 529 4590 -79 -63 55
649 523 4559 -85 -61 59
688 539 4572 -81 -73 53
657 536 4564 -82 -63 58
701 534 4575 -81 -67 62
668 536 4547 -84 -58 59
679 546 4578 -80 -61 57
670 526 4555 -82 -65 56
691 528 4584 -79 -70 54
678 547 4547 -84 -65 51
694 538 4561 -82 -65 53
664 528 4569 -84 -61 52
663 523 4569 -83 -66 54
657 465 4569 -105 -66 46
703 523 4571 -80 -82 56
665 543 4578 -86 -55 56
687 514 4556 -84 -68 61
661 536 4591 -83 -54 59
690 534 4554 -83 -68 59
693 544 4569 -83 -62 55
705 521 4552 -85 -57 55
672 525 4599 -81 -49 58
662 527 4543 -88 -52 48
682 536 4581 -83 -60 51
659 533 4557 -85 -56 53
653 545 4583 -81 -62 57
698 521 4536 -83 -61 60
726 540 4582 -82 -62 54
657 531 4528 -85 -54 56
637 538 4606 -79 -52 59
671 519 4528 -87 -52 58
740 546 4588 -83 -71 49
686 530 4538 -88 -58 48
668 532 4589 -81 -59 53
609 537 4547 -84 -46 54
704 553 4561 -80 -71 56
685 531 4545 -85 -53 51
694 538 4568 -85 -71 56
634 539 4585 -81 -49 58
700 513 4546 -86 -83 62
691 533 4605 -83 -76 56
661 544 4539 -86 -74 63
743 547 4575 -81 -89 55
689 530 4545 -89 -55 48
711 555 4563 -83 -82 49
647 527 4566 -83 -47 47
697 541 4573 -81 -70 54
672 522 4555 -85 -56 56
650 560 4587 -82 -56 62
686 551 4556 -81 -62 58
641 547 4597 -83 -54 54
706 533 4534 -88 -91 56
708 534 4565 -83 -76 50
715 542 4552 -85 -72 57
651 551 4591 -83 -58 61
656 546 4550 -82 -67 57
730 540 4559 -83 -76 56
697 531 4554 -83 -57 53
714 540 4568 -82 -67 56
685 539 4550 -86 -54 52
717 545 4559 -84 -61 47
680 532 4553 -87 -50 46
700 539 4559 -84 -58 54
673 539 4577 -87 -57 50
701 537 4545 -86 -63 52
678 547 4596 -84 -55 53
668 531 4560 -90 -59 58
687 534 4549 -83 -67 53
699 540 4573 -84 -57 53
668 544 4565 -83 -57 59
701 539 4558 -86 -67 58
691 530 4591 -85 -60 58
647 557 4595 -84 -69 55
622 535 4582 -84 -105 49
736 530 4542 -96 -138 32
757 534 4560 -92 -96 36
734 537 4523 -91 -75 51
706 537 4582 -87 -70 55
691 519 4526 -90 -67 46
723 540 4587 -87 -72 51
693 543 4555 -86 -63 58
703 531 4575 -81 -68 61
701 518 4564 -84 -57 59
720 533 4573 -80 -56 55
682 539 4555 -86 -46 55
691 541 4575 -86 -58 58
705 524 4559 -89 -58 54
721 534 4576 -84 -61 54
688 542 4564 -85 -56 55
714 538 4574 -84 -68 60
691 532 4557 -85 -61 59
733 538 4560 -85 -64 57
699 546 4569 -83 -58 52
697 521 4562 -83 -63 54
694 538 4576 -84 -53 56
707 538 4550 -84 -59 51
