724 542 4581 -81 -47 62
684 529 4604 -81 -54 68
702 539 4594 -83 -65 65
723 536 4574 -82 -69 64
739 517 4600 -78 -70 76
736 518 4584 -78 -66 83
750 523 4594 -81 -70 80
769 533 4585 -83 -78 75
796 524 4550 -83 -72 73
760 527 4578 -86 -54 70
746 530 4584 -80 -59 67
752 543 4588 -85 -59 60
756 541 4577 -85 -66 52
769 535 4570 -83 -63 54
745 521 4561 -88 -60 56
717 546 4590 -85 -62 55
728 546 4571 -86 -59 60
734 542 4587 -84 -54 56
755 535 4558 -84 -64 59
761 515 4560 -83 -63 55
747 516 4558 -81 -64 56
743 534 4574 -81 -63 50
754 535 4563 -82 -65 53
752 529 4563 -84 -58 52
729 528 4591 -81 -55 52
758 525 4568 -86 -56 50
725 543 4571 -84 -58 58
753 542 4575 -87 -63 55
735 518 4584 -84 -57 56
760 551 4539 -82 -63 60
735 519 4583 -83 -54 61
766 517 4546 -86 -63 63
765 525 4573 -87 -58 60
738 537 4569 -85 -58 57
747 540 4566 -86 -67 53
735 525 4566 -82 -58 54
737 527 4571 -83 -70 53
755 543 4562 -80 -65 57
726 527 4559 -90 -61 57
763 534 4576 -86 -82 57
737 534 4549 -89 -71 54
716 546 4559 -86 -84 57
811 537 4533 -88 -109 61
734 516 4577 -86 -58 62
768 536 4565 -84 -71 63
752 534 4563 -90 -83 60
779 551 4557 -89 -79 55
742 521 4568 -88 -64 60
759 536 4571 -84 -75 61
784 527 4554 -87 -71 58
749 540 4591 -83 -57 51
744 532 4547 -87 -71 56
772 530 4568 -86 -79 54
773 532 4537 -87 -79 55
785 522 4550 -87 -83 52
764 530 4561 -85 -70 60
757 533 4543 -85 -76 64
755 542 4549 -85 -82 56
832 517 4555 -86 -111 60
758 532 4565 -84 -62 57
777 530 4559 -86 -60 53
780 523 4555 -85 -74 56
783 526 4553 -85 -59 56
774 534 4562 -85 -60 52
772 543 4559 -83 -63 51
779 525 4551 -83 -68 57
784 524 4559 -84 -67 54
779 528 4555 -85 -69 54
774 537 4555 -83 -68 58
773 521 4560 -83 -61 52
784 516 4559 -85 -65 53
807 534 4560 -83 -71 53
786 530 4554 -84 -58 53
771 534 4568 -83 -61 51
767 531 4560 -87 -67 58
784 533 4559 -84 -72 52
782 520 4563 -83 -63 53
783 527 4553 -85 -63 56
770 537 4571 -85 -63 53
786 541 4555 -83 -72 54
780 526 4563 -86 -67 56
774 525 4560 -84 -69 57
807 524 4554 -85 -70 52
804 535 4561 -83 -58 58
790 537 4562 -89 -56 55
797 533 4562 -86 -62 48
785 523 4554 -86 -59 48
782 527 4565 -86 -59 52
761 546 4562 -84 -63 53
785 536 4559 -87 -62 56
793 539 4571 -84 -64 53
784 520 4562 -86 -56 54
779 535 4568 -83 -59 57
797 529 4555 -86 -77 61
788 543 4567 -85 -61 56
785 536 4539 -86 -62 55
796 518 4571 -84 -68 56
774 527 4557 -86 -61 58
788 540 4558 -85 -67 55
789 535 4552 -85 -62 53
802 525 4563 -85 -61 55
775 534 4559 -87 -57 55
786 542 4560 -85 -69 55
783 546 4558 -85 -63 54
797 521 4556 -84 -70 59
785 523 4564 -85 -62 55
784 538 4558 -85 -70 56
790 524 4554 -85 -68 53
808 536 4556 -86 -68 54
784 540 4568 -87 -60 53
792 528 4561 -86 -55 53
790 529 4555 -87 -50 51
794 528 4546 -91 -51 56
779 526 4562 -84 -63 54
800 539 4545 -89 -73 52
776 531 4560 -88 -62 53
794 532 4563 -86 -77 56
810 535 4573 -85 -73 55
799 532 4547 -87 -61 58
802 536 4569 -86 -60 52
789 535 4545 -87 -59 53
800 533 4567 -86 -59 48
786 522 4549 -90 -48 52
761 536 4573 -86 -51 51
778 539 4541 -86 -64 52
819 533 4553 -87 -75 55
784 529 4564 -88 -59 53
792 525 4567 -85 -80 58
