793 528 4599 -75 -41 62
767 530 4590 -75 -47 66
756 528 4591 -78 -59 68
775 521 4570 -79 -60 63
811 506 4582 -78 -67 65
799 499 4578 -83 -56 73
828 535 4601 -81 -66 76
809 506 4569 -83 -64 74
821 520 4564 -80 -61 74
801 526 4556 -77 -55 69
842 552 4611 -73 -53 66
764 528 4577 -83 -48 57
833 516 4553 -85 -71 52
771 530 4582 -80 -42 56
822 527 4564 -87 -61 53
805 529 4587 -84 -59 46
801 518 4575 -86 -52 47
789 507 4576 -82 -47 46
768 527 4568 -87 -48 48
790 537 4570 -86 -56 53
798 527 4568 -87 -53 48
791 513 4568 -86 -59 46
815 522 4566 -88 -48 49
783 508 4549 -90 -30 50
797 522 4561 -88 -14 53
819 518 4515 -90 21 53
811 520 4572 -85 72 56
668 516 4582 -85 84 58
673 524 4595 -79 -43 60
744 515 4564 -82 -92 57
778 524 4575 -88 -62 58
740 529 4554 -82 -68 62
771 519 4587 -83 -80 61
744 514 4544 -87 -72 54
791 535 4585 -84 -74 55
742 523 4569 -87 -65 57
772 525 4565 -84 -82 58
756 524 4557 -87 -67 51
767 522 4569 -82 -68 56
739 532 4568 -84 -65 57
772 535 4557 -83 -76 58
764 517 4568 -82 -69 58
745 527 4578 -84 -67 57
770 523 4549 -83 -78 51
776 532 4555 -84 -69 51
771 525 4572 -82 -57 51
751 553 4546 -82 -42 57
767 488 4546 -87 -60 51
742 484 4571 -87 -75 57
813 518 4555 -82 -55 54
740 523 4572 -84 -45 58
772 521 4561 -85 -69 64
740 518 4542 -83 -53 55
803 523 4547 -82 -67 51
717 511 4565 -86 -63 59
794 539 4559 -83 -85 60
743 514 4551 -97 -85 60
771 532 4564 -86 -84 58
745 506 4568 -92 -80 59
815 529 4582 -82 -93 55
746 511 4547 -91 -73 58
789 505 4557 -90 -105 61
787 517 4550 -86 -85 58
785 529 4558 -84 -72 52
778 521 4552 -88 -94 55
804 511 4551 -85 -99 55
801 515 4566 -88 -76 55
788 528 4568 -85 -68 54
780 516 4556 -87 -71 50
786 516 4582 -86 -74 56
786 510 4554 -86 -78 51
806 533 4556 -86 -74 50
792 510 4551 -88 -66 50
784 522 4571 -82 -68 55
800 521 4558 -86 -70 54
804 533 4568 -87 -67 53
801 522 4564 -85 -64 53
801 507 4551 -85 -71 58
794 520 4571 -85 -65 56
811 530 4553 -89 -63 54
798 530 4561 -85 -63 51
812 519 4552 -84 -70 59
799 525 4555 -84 -57 55
807 527 4555 -85 -64 50
788 536 4568 -85 -65 54
778 534 4570 -83 -59 55
788 516 4559 -86 -59 52
806 531 4551 -86 -62 51
803 528 4570 -88 -63 55
791 522 4567 -87 -64 57
794 516 4564 -85 -68 51
800 521 4551 -88 -70 59
815 535 4559 -84 -67 54
786 533 4554 -86 -64 54
796 527 4554 -85 -68 53
813 524 4544 -87 -67 50
824 521 4540 -87 -66 51
825 521 4562 -86 -64 52
802 513 4552 -87 -62 50
802 527 4543 -88 -65 47
788 529 4563 -89 -54 50
803 535 4543 -87 -65 49
809 518 4557 -87 -59 54
795 526 4547 -87 -56 51
812 529 4558 -86 -64 53
800 515 4557 -88 -60 47
818 521 4546 -88 -62 53
789 528 4558 -87 -53 56
800 532 4559 -88 -61 51
798 516 4560 -87 -63 54
796 522 4562 -89 -61 56
800 534 4562 -87 -60 53
806 523 4552 -89 -63 56
816 516 4562 -87 -63 52
788 520 4556 -86 -57 55
817 522 4565 -86 -60 53
815 529 4555 -88 -63 57
811 523 4556 -87 -69 54
800 537 4558 -88 -57 50
794 520 4567 -85 -61 54
801 513 4563 -86 -67 51
828 526 4543 -87 -75 51
814 544 4563 -84 -66 57
803 517 4553 -86 -70 53
786 528 4582 -86 -72 52
777 525 4542 -87 -88 53
762 531 4603 -85 -163 60
856 532 4534 -86 -217 60
