984 482 4535 -79 -63 68
996 478 4559 -81 -65 72
1002 482 4542 -79 -75 71
1011 472 4538 -78 -73 66
1022 487 4539 -79 -68 64
977 474 4569 -75 -66 70
1000 471 4538 -77 -68 73
1016 481 4541 -79 -62 76
1038 495 4522 -77 -63 76
1025 504 4563 -75 -57 69
1019 487 4525 -78 -64 72
1052 482 4527 -79 -65 63
999 476 4533 -80 -40 56
1013 481 4547 -76 -54 59
971 476 4556 -79 -48 62
992 452 4558 -77 -61 66
1020 508 4542 -80 -71 64
987 518 4548 -75 -66 68
962 487 4571 -77 -52 63
1020 485 4517 -83 -85 65
1015 488 4541 -82 -73 57
1029 490 4524 -79 -65 52
1014 474 4527 -85 -63 66
1006 481 4548 -79 -67 61
1010 492 4534 -84 -63 57
997 489 4525 -82 -66 56
981 481 4534 -83 -65 58
1020 477 4557 -84 -75 61
1023 501 4529 -85 -72 59
1040 500 4518 -82 -70 60
995 475 4537 -82 -68 61
999 481 4534 -82 -78 59
1007 480 4543 -82 -73 57
1024 502 4525 -79 -75 63
983 497 4537 -82 -67 61
999 488 4518 -78 -90 63
1037 484 4523 -84 -87 61
1028 500 4521 -84 -75 63
1014 506 4524 -80 -73 62
1028 489 4536 -83 -67 60
1034 474 4518 -84 -67 63
1024 489 4537 -84 -58 61
999 501 4539 -82 -62 61
1035 490 4521 -83 -69 58
1027 481 4525 -84 -64 60
1026 486 4520 -81 -66 57
1008 491 4517 -84 -60 56
1027 494 4515 -87 -61 53
1026 494 4537 -83 -55 52
1006 476 4547 -84 -55 51
1021 486 4534 -85 -68 53
1021 493 4518 -85 -69 48
1036 489 4517 -87 -65 52
1005 493 4532 -82 -57 51
1005 480 4538 -82 -66 49
1013 499 4531 -84 -70 53
1028 484 4523 -82 -66 57
1021 479 4538 -80 -67 58
966 485 4520 -83 -85 54
1075 509 4506 -79 -101 57
1012 486 4529 -80 -43 54
1013 477 4520 -82 -65 58
928 507 4533 -82 -68 49
1137 477 4510 -96 -86 45
1014 481 4502 -78 -55 52
1038 500 4551 -82 -59 55
991 469 4525 -83 -62 57
1042 491 4545 -83 -64 56
1036 486 4505 -87 -70 54
1049 510 4538 -80 -59 56
1004 485 4522 -85 -56 57
1048 490 4532 -84 -69 51
999 495 4531 -83 -46 47
1012 490 4518 -89 -54 50
1038 477 4497 -84 -59 49
1041 498 4517 -75 -58 51
1013 501 4572 -77 -69 50
1067 506 4494 -75 -76 52
1003 494 4532 -77 -55 58
1016 496 4537 -74 -76 56
1069 484 4518 -81 -73 60
1051 473 4512 -83 -57 58
957 504 4552 -84 -57 64
1049 502 4514 -93 -67 57
1027 498 4532 -88 -59 55
1022 492 4521 -86 -56 59
1004 496 4544 -88 -64 59
1027 487 4530 -89 -68 60
1043 486 4504 -92 -69 56
1019 492 4530 -85 -66 65
1029 494 4510 -86 -70 61
1044 497 4517 -86 -71 62
1031 498 4533 -85 -59 59
1012 480 4539 -84 -58 59
1015 482 4523 -84 -63 52
1038 495 4516 -85 -65 54
1026 497 4529 -84 -58 60
1014 488 4529 -83 -63 55
1018 489 4518 -85 -73 58
1019 494 4528 -84 -65 57
1027 491 4522 -85 -70 58
1032 481 4526 -81 -68 60
1029 479 4528 -83 -64 56
1030 506 4527 -84 -66 56
1027 509 4517 -83 -68 52
1031 490 4529 -83 -67 53
1037 473 4518 -85 -63 52
1032 498 4519 -87 -59 53
1028 502 4527 -84 -57 50
1032 494 4527 -86 -62 54
1027 479 4530 -87 -57 55
1033 490 4525 -89 -69 51
1028 502 4522 -86 -67 54
1044 493 4523 -84 -67 51
1025 483 4532 -83 -67 54
1034 492 4521 -81 -63 55
1030 492 4520 -84 -64 59
1038 487 4514 -86 -67 59
1027 487 4531 -83 -59 58
1022 494 4531 -84 -65 58
1054 506 4513 -86 -68 55
1043 493 4503 -86 -61 53
1029 503 4546 -83 -56 55
1016 499 4527 -85 -61 54
1037 495 4523 -82 -71 55
1045 497 4522 -83 -71 50
1012 508 4538 -82 -58 55
1021 498 4530 -84 -63 55
