186 -2807 2816 -126 69 19
298 -2795 2868 -94 147 31
166 -2846 2864 -84 327 52
-46 -2796 2948 -82 391 54
17 -2773 2968 -105 194 50
-59 -2822 2904 -132 -25 58
113 -2804 2905 -130 -66 52
238 -2812 2892 -141 -89 64
157 -2845 2643 -141 -127 101
162 -2822 2833 -95 -275 121
251 -2828 2950 -82 -342 140
238 -2866 2761 -109 -258 137
112 -2857 2671 -88 -148 118
81 -2874 2776 -48 -150 106
58 -2852 2839 -40 -133 88
40 -2815 2859 -51 -74 65
45 -2769 2937 -50 -74 61
47 -2774 2909 -59 -56 53
95 -2805 2855 -68 -75 57
143 -2840 2783 -71 -102 59
176 -2839 2815 -59 -84 42
136 -2825 2865 -53 -68 31
178 -2811 2859 -65 -93 30
228 -2813 2822 -63 -76 31
207 -2831 2844 -56 -38 38
162 -2818 2843 -56 -32 46
182 -2823 2876 -55 -38 50
164 -2815 2856 -63 -38 51
163 -2810 2878 -64 -51 58
135 -2795 2937 -64 -77 54
192 -2811 2863 -77 -148 75
172 -2852 2838 -85 -146 78
196 -2816 2890 -98 -117 87
255 -2814 2810 -108 -110 102
224 -2845 2810 -96 -60 133
101 -2851 2838 -88 -27 107
199 -2850 2787 -89 -57 89
206 -2831 2813 -83 -25 92
205 -2815 2863 -71 -12 118
238 -2837 2797 -75 17 127
182 -2813 2798 -71 67 141
71 -2810 2894 -59 83 124
112 -2832 2866 -64 27 122
41 -2825 2830 -77 37 106
31 -2792 2864 -78 -8 109
143 -2823 2799 -73 -14 92
84 -2855 2791 -58 62 78
-38 -2849 2829 -67 74 92
-14 -2838 2791 -77 17 72
10 -2815 2788 -67 51 45
30 -2802 2905 -52 51 37
17 -2839 2834 -71 -2 18
37 -2810 2775 -82 -55 42
91 -2801 2905 -66 -50 42
129 -2861 2825 -74 -83 37
92 -2844 2759 -84 -71 47
79 -2818 2869 -69 -53 56
41 -2848 2778 -74 -34 46
17 -2854 2749 -73 -10 38
106 -2825 2820 -56 -21 24
214 -2842 2804 -58 -41 41
13 -2829 2764 -55 16 54
53 -2812 2893 -45 -19 61
114 -2828 2868 -61 -39 56
26 -2832 2752 -79 -11 63
16 -2802 2873 -58 -34 50
111 -2839 2865 -66 -55 55
97 -2831 2734 -74 -12 51
36 -2819 2860 -55 -10 71
113 -2825 2851 -57 -34 71
39 -2846 2729 -69 5 51
-9 -2824 2841 -54 -15 67
64 -2806 2875 -52 -48 52
52 -2825 2799 -63 -19 52
-17 -2812 2874 -64 -39 54
21 -2821 2838 -79 -74 47
78 -2824 2767 -88 -77 64
104 -2821 2821 -69 -71 47
119 -2867 2800 -63 -68 61
80 -2860 2720 -68 -37 58
103 -2806 2835 -56 -9 47
2 -2811 2892 -57 6 56
-102 -2815 2876 -71 -1 47
-7 -2838 2771 -84 -44 32
155 -2813 2776 -77 -56 16
94 -2838 2826 -55 -25 24
-17 -2868 2838 -52 -30 30
-10 -2849 2805 -67 -34 12
126 -2819 2786 -70 -55 29
206 -2781 2852 -45 -53 40
93 -2828 2846 -41 -42 68
64 -2840 2851 -57 -32 59
49 -2810 2819 -67 -41 46
68 -2819 2819 -57 -46 30
40 -2836 2834 -49 -52 66
-4 -2799 2817 -68 -79 68
165 -2789 2844 -99 -158 70
141 -2851 2800 -97 -155 92
62 -2835 2837 -71 -102 92
59 -2794 2899 -68 -103 89
-10 -2806 2858 -80 -60 76
13 -2844 2805 -77 -65 66
41 -2820 2824 -72 -56 46
128 -2817 2834 -62 -63 38
114 -2844 2833 -63 -34 55
97 -2816 2821 -67 -13 50
87 -2813 2815 -74 -8 55
62 -2826 2818 -70 -14 64
46 -2817 2828 -66 -25 61
33 -2811 2830 -68 -36 51
76 -2816 2813 -69 -49 37
74 -2824 2811 -64 -53 46
68 -2827 2835 -66 -54 62
68 -2812 2829 -70 -42 58
88 -2825 2812 -72 -43 63
82 -2824 2798 -68 -41 60
90 -2824 2827 -62 -41 62
45 -2811 2832 -66 -35 62
72 -2803 2848 -66 -38 46
73 -2825 2836 -69 -37 52
46 -2831 2810 -74 -25 64
23 -2825 2848 -70 -26 59
68 -2811 2852 -71 -41 53
58 -2812 2815 -81 -49 56
68 -2797 2845 -81 -51 54
67 -2810 2858 -83 -44 54
18 -2837 2784 -90 -7 56
69 -2828 2780 -85 -22 55
