1008 485 4552 -80 -60 67
990 493 4551 -77 -55 63
988 502 4577 -81 -50 66
1000 513 4568 -81 -63 63
1000 507 4548 -85 -64 62
991 497 4592 -80 -66 65
995 489 4557 -83 -65 62
1031 500 4558 -83 -70 65
1005 505 4532 -80 -69 70
998 495 4589 -80 -57 68
1024 479 4543 -81 -78 62
1042 520 4554 -83 -66 55
1046 492 4535 -87 -62 49
1036 490 4562 -86 -68 41
982 493 4509 -87 -54 46
1004 462 4549 -85 -78 50
936 451 4583 -85 -48 58
1038 493 4531 -90 -72 57
969 506 4569 -84 -46 61
1019 506 4549 -83 -67 57
996 492 4552 -84 -68 59
1003 489 4544 -80 -65 62
1005 491 4532 -82 -71 61
1017 484 4548 -79 -64 59
1005 493 4530 -82 -63 63
1027 500 4535 -81 -61 57
1012 492 4530 -81 -52 54
1031 481 4548 -82 -62 54
1001 492 4532 -83 -51 53
1023 492 4557 -83 -55 51
984 506 4551 -84 -41 51
1000 478 4562 -87 -63 55
1009 488 4534 -78 -62 53
1014 481 4529 -89 -56 53
1008 489 4565 -82 -55 52
990 481 4529 -84 -46 54
1005 498 4571 -85 -60 52
993 502 4546 -82 -54 55
1002 494 4555 -83 -69 56
993 509 4534 -81 -68 58
992 504 4526 -85 -70 57
1036 480 4531 -85 -78 57
950 494 4545 -80 -58 60
1017 504 4520 -92 -93 57
1010 500 4538 -80 -70 58
1007 481 4542 -84 -59 55
992 488 4546 -83 -75 55
1018 501 4521 -85 -77 57
1022 496 4541 -84 -72 57
997 504 4529 -84 -59 51
997 509 4546 -83 -65 55
1013 489 4537 -84 -65 57
1014 495 4540 -84 -62 54
1010 494 4517 -85 -63 57
1019 496 4538 -86 -62 54
1002 492 4533 -84 -61 56
1006 491 4535 -82 -64 54
1015 485 4533 -86 -63 56
1003 498 4548 -85 -66 55
1008 507 4529 -81 -60 57
998 497 4535 -84 -62 61
1021 493 4526 -83 -63 57
1009 487 4530 -87 -63 52
1008 502 4530 -82 -64 53
1016 491 4546 -85 -66 55
1011 493 4554 -83 -61 51
1017 491 4535 -83 -57 51
998 504 4537 -83 -63 54
1034 489 4531 -85 -70 54
1014 495 4520 -85 -61 50
1001 493 4526 -85 -63 54
1015 489 4531 -85 -66 54
1006 506 4524 -84 -65 56
1027 492 4537 -83 -67 57
1003 494 4542 -85 -66 55
1025 501 4525 -83 -69 57
998 508 4522 -82 -62 54
1002 499 4541 -83 -65 54
1002 492 4525 -83 -66 55
1034 501 4515 -83 -67 52
1019 506 4537 -86 -58 55
999 497 4536 -84 -57 55
1012 491 4533 -86 -69 53
1001 493 4539 -82 -67 57
1022 511 4518 -84 -64 59
1016 498 4533 -84 -61 57
1002 496 4522 -83 -64 57
1027 503 4535 -84 -70 60
1012 489 4514 -86 -63 56
1017 506 4557 -83 -66 55
1005 506 4531 -87 -67 51
1030 494 4539 -84 -69 53
1008 498 4535 -86 -54 56
1013 498 4538 -86 -64 52
1017 501 4516 -86 -61 52
1020 501 4528 -86 -68 57
1014 503 4536 -86 -64 55
1018 499 4527 -85 -69 51
1023 493 4538 -84 -61 55
1017 507 4534 -85 -61 57
1004 500 4535 -85 -59 55
1025 499 4532 -84 -66 61
1027 499 4539 -86 -64 56
1015 497 4537 -84 -62 56
1008 503 4530 -83 -65 55
1028 501 4535 -85 -67 53
1021 502 4527 -85 -63 52
1019 492 4546 -84 -60 57
1034 498 4526 -86 -62 55
1023 496 4542 -85 -61 49
1020 508 4529 -84 -57 49
1012 494 4540 -84 -61 54
1006 486 4542 -84 -57 55
1013 497 4523 -84 -66 55
1031 506 4529 -87 -62 55
1017 497 4515 -86 -61 52
976 494 4536 -84 -52 55
1016 495 4515 -85 -67 56
1021 502 4521 -88 -64 48
1017 490 4524 -84 -55 57
1003 501 4542 -80 -57 54
1020 502 4529 -85 -61 55
1008 488 4550 -81 -65 51
1018 536 4494 -64 -66 54
997 499 4552 -77 -50 45
1024 491 4518 -89 -72 48
1012 498 4523 -87 -57 48
1006 509 4545 -90 -55 50
