1028 494 4554 -81 -55 60
1024 502 4555 -83 -44 61
1011 499 4568 -84 -52 63
1037 485 4555 -83 -67 60
1026 490 4559 -82 -52 63
1009 465 4567 -80 -51 77
990 485 4570 -77 -46 76
1032 524 4544 -79 -58 77
1061 505 4551 -84 -63 76
1054 494 4540 -78 -54 69
1018 482 4555 -84 -52 64
1072 487 4543 -83 -62 63
1004 489 4556 -82 -40 59
1025 519 4559 -86 -49 54
1004 509 4546 -85 -47 56
993 480 4549 -96 -44 45
992 500 4558 -92 -47 50
1021 510 4568 -90 -62 52
1041 511 4534 -90 -77 52
1041 492 4554 -85 -71 52
1019 478 4538 -82 -68 53
1019 499 4558 -83 -71 57
1029 504 4546 -83 -71 58
1033 490 4530 -85 -74 55
1027 497 4550 -83 -63 57
1018 489 4544 -85 -61 58
1011 502 4566 -85 -72 55
1034 490 4528 -88 -77 58
1018 513 4547 -84 -66 54
1004 506 4525 -86 -61 56
1025 483 4557 -84 -67 56
1029 492 4533 -85 -69 55
1039 504 4530 -84 -66 58
1034 505 4529 -85 -66 58
1035 495 4543 -86 -75 57
1011 495 4537 -86 -64 60
1024 506 4537 -85 -65 58
1017 494 4528 -87 -68 58
1054 508 4546 -84 -70 62
1038 487 4520 -89 -58 54
1025 513 4546 -84 -59 59
1010 504 4538 -84 -63 56
1052 489 4524 -86 -72 54
1026 497 4528 -85 -57 58
1020 498 4551 -85 -59 55
1014 503 4525 -86 -61 58
1049 500 4535 -88 -69 54
1024 501 4529 -87 -62 56
1031 495 4526 -86 -66 54
1024 501 4537 -87 -70 49
1052 500 4526 -83 -71 50
1046 489 4524 -85 -62 55
1022 494 4540 -87 -60 54
1013 497 4538 -82 -63 54
1048 505 4539 -85 -70 53
1039 509 4539 -86 -67 56
1052 497 4538 -84 -66 59
1021 488 4531 -88 -59 58
1056 506 4522 -86 -58 49
1031 504 4535 -88 -50 54
1013 500 4526 -86 -53 52
1017 468 4541 -84 -59 49
1010 489 4522 -85 -57 56
1025 506 4549 -88 -61 54
1029 498 4523 -86 -60 53
1023 485 4546 -85 -67 57
1019 488 4531 -88 -71 54
1039 500 4525 -86 -66 55
1040 501 4515 -88 -53 59
1031 502 4545 -86 -44 62
1038 488 4530 -89 -39 58
1044 488 4521 -90 -27 52
994 516 4548 -88 -21 52
1005 496 4528 -86 -62 52
1026 493 4530 -88 -68 48
1019 500 4548 -87 -57 54
1021 499 4532 -87 -69 51
1028 512 4533 -88 -69 51
1019 496 4534 -91 -66 53
1011 503 4530 -87 -70 51
1032 488 4531 -88 -75 50
1018 506 4531 -88 -66 51
1034 487 4532 -87 -67 57
992 502 4529 -85 -59 55
1041 505 4523 -87 -74 55
1018 496 4526 -88 -67 54
1040 496 4537 -83 -69 54
1024 491 4536 -86 -66 55
1034 498 4535 -87 -63 52
1024 506 4539 -84 -63 56
1040 488 4526 -87 -64 54
1037 499 4540 -87 -42 50
1023 494 4528 -84 -37 48
1017 514 4553 -85 -49 48
1000 508 4542 -88 -52 52
997 486 4534 -85 -64 51
1024 494 4524 -89 -70 54
1047 507 4518 -87 -77 54
1037 506 4516 -90 -66 51
1006 494 4545 -88 -66 50
1021 498 4520 -87 -77 53
1029 504 4552 -89 -70 51
1022 490 4525 -90 -64 55
1032 510 4540 -86 -58 55
1035 489 4510 -93 -38 50
1047 506 4526 -89 -27 49
985 512 4549 -92 -24 55
976 485 4550 -85 -49 51
1024 490 4517 -88 -74 53
1028 506 4535 -87 -68 53
1012 501 4521 -86 -70 50
1018 502 4545 -87 -74 55
995 495 4541 -86 -71 53
1037 501 4530 -87 -89 57
1018 503 4541 -85 -76 58
1022 502 4542 -87 -71 55
1018 503 4538 -87 -69 54
1046 494 4518 -86 -72 53
1034 508 4533 -88 -62 55
1035 493 4544 -88 -58 56
1028 505 4537 -88 -62 54
1043 494 4517 -87 -70 54
1028 495 4544 -89 -62 54
1025 508 4532 -89 -58 49
1024 508 4538 -88 -57 51
1025 503 4534 -91 -62 51
1035 488 4546 -89 -64 46
1019 503 4537 -91 -52 48
