977 510 4579 -86 -54 54
1017 514 4553 -86 -65 51
1001 486 4539 -84 -53 56
1017 498 4571 -81 -66 65
967 492 4547 -83 -59 66
1001 495 4568 -87 -73 63
1016 493 4531 -83 -63 67
995 497 4560 -83 -61 67
998 501 4563 -84 -66 64
1000 519 4560 -84 -66 59
1012 501 4531 -83 -71 61
988 487 4573 -84 -62 58
976 504 4564 -83 -70 58
998 522 4540 -83 -74 53
1022 504 4545 -83 -66 61
995 493 4557 -84 -68 60
1002 498 4547 -84 -74 60
1020 496 4551 -84 -65 58
1009 491 4523 -87 -54 58
1012 502 4557 -83 -55 59
1012 496 4537 -83 -56 53
1027 484 4555 -83 -62 55
970 487 4543 -84 -52 56
1003 528 4546 -86 -66 62
968 502 4558 -84 -51 65
1029 486 4537 -87 -70 64
942 507 4556 -82 -61 64
1008 517 4544 -86 -65 65
997 506 4535 -84 -71 63
1037 518 4540 -84 -75 59
987 492 4538 -89 -57 63
1021 494 4556 -84 -67 60
1015 506 4527 -88 -60 51
1001 509 4548 -88 -57 49
1010 507 4540 -88 -57 51
985 500 4547 -86 -54 50
1015 483 4526 -87 -62 47
994 515 4534 -88 -57 52
1001 502 4535 -88 -63 54
994 500 4550 -85 -63 53
1004 501 4521 -88 -67 57
1003 511 4546 -85 -68 55
1005 499 4538 -87 -60 56
1005 499 4548 -85 -64 50
989 510 4533 -85 -64 51
1004 507 4534 -86 -69 54
1022 521 4529 -85 -64 50
976 489 4543 -90 -60 52
1020 514 4556 -84 -70 53
975 492 4521 -92 -63 49
1028 516 4542 -86 -80 52
958 500 4531 -90 -66 55
1038 497 4523 -87 -93 56
978 497 4539 -89 -56 54
1036 512 4565 -84 -72 57
985 493 4532 -91 -63 52
1010 502 4541 -87 -61 52
1012 512 4540 -87 -64 54
1014 503 4537 -87 -64 54
998 500 4543 -88 -56 52
1006 511 4542 -87 -60 53
1021 502 4535 -88 -62 49
1005 501 4532 -88 -56 51
1007 507 4530 -89 -59 53
1003 496 4530 -85 -58 51
1016 500 4546 -90 -62 54
999 502 4539 -88 -57 53
1007 499 4553 -86 -67 56
1013 502 4535 -87 -63 54
1019 512 4539 -87 -61 52
995 512 4546 -88 -53 57
1008 497 4513 -85 -52 51
1007 505 4539 -83 -52 49
989 507 4579 -87 -46 47
998 506 4508 -86 -60 50
1023 508 4535 -90 -70 50
999 488 4569 -85 -57 50
967 502 4536 -93 -64 51
1063 531 4525 -85 -71 54
986 490 4534 -92 -46 53
1011 516 4543 -84 -73 57
987 505 4542 -90 -56 54
1017 502 4548 -86 -79 53
999 498 4536 -87 -65 51
1003 498 4526 -86 -70 56
1007 507 4543 -87 -67 54
1004 503 4537 -89 -67 54
1025 514 4531 -84 -64 53
977 501 4528 -90 -60 52
1021 509 4537 -85 -75 55
981 494 4545 -84 -59 54
1015 505 4550 -80 -66 54
1018 500 4522 -87 -58 51
1013 508 4540 -85 -63 55
983 498 4548 -90 -65 58
1010 500 4543 -87 -71 54
1009 500 4530 -87 -63 55
1004 506 4551 -85 -61 57
997 500 4538 -89 -59 53
1001 511 4545 -86 -65 53
1013 501 4518 -89 -65 53
1017 501 4539 -86 -62 48
999 496 4533 -90 -64 50
1007 503 4522 -88 -64 52
984 504 4542 -87 -55 48
1013 494 4532 -90 -63 49
1014 493 4549 -91 -61 49
1021 513 4533 -86 -56 51
1008 495 4541 -90 -59 48
1020 506 4561 -88 -69 54
979 496 4530 -89 -55 57
1011 500 4525 -91 -78 54
1021 511 4546 -88 -61 50
1004 497 4530 -89 -54 56
1006 509 4554 -86 -70 56
1008 502 4546 -88 -65 55
1023 505 4537 -85 -69 56
1001 499 4557 -85 -62 53
1007 497 4530 -88 -67 55
1001 505 4530 -88 -65 56
1038 507 4536 -86 -65 57
980 500 4512 -89 -58 51
1045 506 4522 -89 -79 52
969 493 4559 -90 -50 51
1032 503 4529 -87 -74 53
991 513 4537 -89 -61 55
1033 519 4507 -89 -66 55
1016 495 4542 -89 -60 52
