-4042 -395 2623 -504 1522 535
-4026 -801 2340 -722 92 424
-4209 -684 2315 -333 -1028 443
-3316 -883 2682 -7 -2438 297
-2731 -305 2885 353 -3371 209
-2691 -330 3035 298 -4220 188
-1950 -579 3055 197 -5143 101
-706 -723 3129 237 -5135 13
-109 -625 3405 432 -4242 -65
-37 -551 3651 506 -3451 -14
-305 -576 3733 471 -2898 -8
-159 -644 3948 580 -2939 36
543 107 4200 761 -3562 191
1334 318 4674 150 -3459 259
1459 -347 4726 5 -2215 9
1387 287 4865 524 -1065 286
1065 74 4977 51 -71 348
884 274 4655 122 144 487
852 227 4222 147 55 480
597 -37 4191 261 -321 474
582 -30 4542 527 -936 451
1012 156 4363 604 -1438 372
1137 59 4548 637 -1388 300
1236 430 4783 766 -1205 268
803 485 4894 547 -983 206
1045 494 4824 285 -1256 213
1471 69 4402 200 -1225 217
761 128 4422 405 -585 200
651 -1474 6861 180 -331 84
1152 2234 5064 28 -804 -170
1064 -481 4068 -170 -1188 -7
1945 593 4361 86 -1279 -111
2134 618 4230 429 -1220 -150
835 616 4358 228 -591 -180
4014 1011 4280 244 -866 -115
-781 425 4398 -29 -66 -73
2277 1184 4180 166 -928 40
2363 497 4252 -153 -590 161
2471 903 4345 194 -734 -85
2245 912 4176 -133 -377 -22
2205 735 4161 -150 -300 49
2317 811 4115 -5 -492 31
2303 929 4189 33 -567 11
2536 941 4229 12 -544 -39
2683 908 4146 -20 -368 -14
2517 899 4162 -96 -99 12
2613 906 4254 -131 82 39
2819 873 4289 -207 394 39
2408 845 4214 -315 829 48
2577 880 4480 -304 961 86
2447 1078 4680 -295 1306 105
2325 921 5036 -410 1480 302
3643 855 5023 -541 1207 443
3438 624 4423 -801 2538 715
2507 802 3932 -951 3675 1062
1303 817 3855 -1083 4181 1310
403 727 3635 -1115 4181 1426
-508 695 3445 -948 3863 1389
-956 361 3476 -782 3237 1235
-1076 81 3917 -632 2369 1162
-483 -239 4425 -501 1466 1148
-582 37 4127 -360 1371 1255
-1420 -75 3926 -540 1452 1326
-1600 -121 4158 -400 1338 1279
-1511 562 4467 -204 973 1142
-879 340 4068 -652 620 994
-2334 554 3807 -439 761 1143
-2005 339 3900 -363 489 882
-1431 279 3919 -316 192 769
-1351 483 3818 -205 219 805
-1780 200 3793 -242 55 822
-1788 347 3516 -51 -593 847
-1556 340 3358 108 -1000 868
-1791 235 3742 193 -1010 739
-1499 691 3662 170 -1320 508
-1860 262 3859 181 -1460 385
-2828 732 5071 390 -1348 86
-285 589 5675 270 -1981 -234
-236 407 4878 65 -1252 -188
330 551 4502 -51 -711 -98
-615 502 4353 -90 -257 -2
-218 658 4460 -46 -528 64
-130 658 4601 -65 -633 108
-386 526 4475 -96 -354 126
-540 549 4334 -101 -343 123
-622 480 4309 -85 -444 94
-264 549 4548 -48 -640 77
-305 539 4537 -60 -555 78
-214 547 4453 -63 -574 83
-464 577 4364 -52 -623 98
-637 586 4294 -17 -1087 100
-211 572 4315 33 -1827 78
411 557 4682 39 -1961 45
764 530 4887 1 -1602 47
792 527 4741 -41 -1024 51
568 537 4513 -79 -593 30
552 572 4451 -80 -465 4
615 589 4565 -79 -518 -30
749 583 4668 -87 -550 -31
798 599 4613 -167 -488 -60
716 695 4525 -148 -370 -54
778 602 4634 -100 -350 -17
893 585 4575 -74 -385 15
876 570 4522 -92 -257 19
858 581 4502 -90 -185 40
860 594 4495 -91 -135 43
845 595 4472 -95 -87 39
820 594 4396 -106 -27 32
705 568 4627 -104 -23 27
909 590 4668 -82 -103 36
849 571 4550 -85 -60 54
777 582 4486 -97 3 51
769 587 4446 -92 1 49
775 571 4488 -88 -20 42
794 620 4623 -83 -19 35
800 604 4663 -81 5 40
795 566 4674 -97 6 36
799 565 4670 -96 13 33
721 571 4590 -105 37 36
660 527 4498 -112 -6 12
760 547 4464 -109 -77 -7
821 546 4524 -96 -98 16
852 569 4722 -86 -69 36
796 566 4647 -79 -65 55
706 548 4522 -96 -34 51
693 556 4540 -94 -58 48
761 584 4570 -82 -96 54
783 564 4593 -81 -91 50
