1491 -1010 4157 -96 -177 74
1531 -1013 4165 -92 -224 108
1534 -1051 4143 -127 -160 120
1397 -1124 4116 -142 -24 103
1285 -1097 4075 -114 -33 115
1402 -1077 4078 -102 -125 111
1393 -1077 4089 -110 -122 100
1413 -1099 4107 -99 -155 97
1484 -1075 4095 -70 -190 102
1532 -1066 4082 -68 -177 104
1454 -1078 4101 -87 -102 88
1417 -1081 4112 -78 -106 75
1452 -1064 4102 -72 -139 65
1506 -1053 4068 -81 -136 62
1474 -1066 4152 -94 -114 57
1442 -1064 4181 -79 -86 57
1442 -1097 4125 -86 -70 51
1387 -1083 4077 -105 -52 46
1399 -1082 4134 -115 -128 46
1557 -1057 4133 -98 -239 59
1593 -1082 4072 -118 -192 70
1540 -1098 4038 -125 -116 74
1517 -1116 4068 -117 -117 69
1466 -1111 4042 -92 -155 73
1529 -1099 4048 -98 -228 70
1468 -1099 4077 -103 -245 64
1402 -1091 4058 -83 -333 62
1426 -1084 4011 -69 -573 75
1547 -1053 3933 -65 -892 96
1779 -1133 3911 -83 -1207 124
1947 -1097 3950 -52 -1412 148
2286 -1091 3858 -59 -1493 178
2073 -1081 3624 -132 -1332 160
1676 -1150 3765 -182 -1830 218
2837 -1182 3879 -102 -2470 215
2990 -1100 3636 -140 -1579 80
2834 -1128 3630 -277 -441 34
2753 -1076 3853 -232 77 49
2396 -936 3375 -287 440 126
2368 -1106 3631 -287 232 200
2412 -1126 3826 -225 -28 308
2065 -1197 3597 -188 181 264
2123 -1290 3524 -206 20 225
2263 -1356 3653 -296 -159 159
2308 -1267 3619 -311 -191 108
2251 -1327 3636 -390 -199 95
2449 -1289 3642 -383 -327 102
2219 -1366 3530 -356 -142 85
2206 -1292 3470 -326 -159 61
2412 -1360 3544 -314 -334 54
2373 -1376 3446 -291 -363 79
2393 -1370 3425 -267 -373 77
2481 -1321 3570 -263 -362 45
2710 -1344 3595 -247 -155 -3
2609 -1418 3363 -209 182 -36
2680 -1475 3123 -139 340 -47
2743 -1546 3022 -28 502 -37
2504 -1563 3170 71 690 -4
2336 -1485 3279 163 641 32
2339 -1469 3285 137 435 37
2512 -1454 3418 93 352 33
2316 -1407 3691 90 516 11
2122 -1310 3782 105 660 23
1929 -1289 3761 48 607 -1
1786 -1205 3775 -15 308 26
1996 -1233 3756 -67 -94 43
2089 -1225 3675 -108 -229 55
2013 -1255 3830 -114 -215 58
1927 -1229 3837 -106 -317 87
1876 -1249 3908 -143 -576 86
1764 -1156 4002 -215 -937 102
2057 -1194 3840 -316 -1445 89
2525 -1281 3643 -402 -1779 68
2750 -1392 3345 -459 -1668 123
2791 -1469 3164 -449 -1474 157
2883 -1540 3048 -377 -1185 177
2952 -1532 2888 -320 -868 152
2944 -1548 2837 -275 -614 135
2947 -1574 2890 -217 -445 122
2886 -1566 2849 -192 -266 103
2889 -1613 2762 -178 -137 64
2905 -1604 2842 -124 -47 47
2772 -1533 2973 -50 25 64
2796 -1471 3004 -5 21 61
2806 -1474 3091 -18 59 33
2779 -1495 3186 -16 96 20
2681 -1456 3210 -19 90 34
2725 -1459 3140 -64 -16 33
2837 -1494 3058 -76 -55 31
2742 -1456 3052 -79 16 42
2765 -1478 3158 -64 -15 52
2782 -1467 3221 -51 -42 51
2746 -1477 3108 -93 5 32
2771 -1513 3099 -126 -24 17
2785 -1493 3115 -90 -52 38
2761 -1523 3074 -59 3 45
2716 -1459 3113 -30 39 39
2692 -1449 3262 -34 6 39
2760 -1477 3179 -63 -59 32
2786 -1478 3087 -100 -66 35
2715 -1474 3093 -107 -24 30
2737 -1464 3093 -84 -33 32
2799 -1489 3150 -51 -49 40
2726 -1453 3179 -38 -34 58
2690 -1472 3164 -46 -41 56
2680 -1482 3180 -29 -57 47
2646 -1486 3154 -19 -69 47
2603 -1444 3140 -2 -101 52
2804 -1419 3018 17 -103 35
3014 -1514 2972 21 -16 -5
3086 -1511 3025 53 99 33
3077 -1359 3255 115 176 122
2867 -1368 3361 110 248 190
2626 -1413 3320 53 192 221
2659 -1362 3294 33 -6 254
2644 -1314 3335 11 -34 255
2537 -1350 3336 -10 48 238
2461 -1376 3367 -18 18 214
2438 -1422 3366 -32 3 181
2403 -1458 3288 -75 -20 137
2344 -1439 3363 -74 -87 103
2278 -1448 3325 -84 -165 56
2431 -1486 3277 -117 -390 12
2799 -1460 3227 -112 -501 -38
2844 -1454 3315 -128 -189 -82
2587 -1420 3339 -107 118 -77
2645 -1402 3301 -94 168 -94
2638 -1411 3306 -133 256 -145
