843 -1560 3969 -95 -121 54
811 -1557 3981 -75 -110 53
726 -1543 4026 -46 -151 66
690 -1568 3988 -38 -274 84
944 -1583 3880 -48 -355 65
987 -1559 3872 -34 -183 -2
902 -1568 3921 -8 -11 -32
817 -1485 4025 18 39 -37
878 -1531 4073 14 -15 -39
937 -1534 4038 -2 -16 -31
897 -1466 4006 9 48 -13
754 -1439 4058 20 75 29
750 -1425 4075 19 10 51
814 -1409 4054 4 -31 47
831 -1378 4142 -4 -22 38
821 -1363 4234 -11 -10 40
828 -1354 4237 -30 -12 49
845 -1351 4203 -77 -42 50
826 -1367 4169 -107 -33 67
779 -1387 4113 -122 -32 84
726 -1418 4066 -137 -72 101
761 -1488 4023 -147 -134 87
819 -1465 3990 -145 -151 64
839 -1508 3983 -129 -127 61
880 -1490 3980 -106 -116 57
874 -1519 4018 -95 -81 55
838 -1498 4053 -88 -48 55
823 -1469 4029 -90 -32 51
809 -1491 3998 -93 -26 45
812 -1471 3990 -103 -53 47
818 -1471 4046 -109 -50 40
801 -1470 4058 -110 -28 42
776 -1467 4048 -114 -25 42
819 -1468 4021 -106 -50 36
800 -1453 4010 -95 -53 32
839 -1475 4014 -82 -54 37
854 -1463 4028 -80 -47 42
824 -1490 3990 -84 -33 38
868 -1490 3957 -88 -33 24
944 -1496 3980 -81 -11 15
840 -1479 4054 -71 53 20
742 -1474 4076 -60 60 51
789 -1465 4039 -62 -11 47
821 -1479 4004 -69 -16 38
763 -1435 4034 -57 -25 53
837 -1470 4034 -72 -32 61
808 -1445 4040 -86 27 56
676 -1443 4067 -87 34 60
696 -1464 4058 -74 -31 68
783 -1469 4031 -75 -54 55
783 -1476 4040 -79 -33 41
759 -1454 3990 -66 -55 52
978 -1483 3873 -83 -87 66
916 -1524 3911 -86 126 64
572 -1432 4158 -41 270 69
548 -1401 4200 -17 149 68
641 -1453 4099 -51 64 44
612 -1426 4050 -70 95 19
594 -1419 4097 -68 70 18
547 -1372 4133 -71 26 48
528 -1390 4167 -100 -32 63
584 -1392 4106 -125 -87 42
671 -1453 4041 -131 -107 18
654 -1448 4054 -127 -78 26
644 -1457 4059 -127 -77 39
687 -1470 4003 -117 -85 22
733 -1497 3996 -112 -73 8
628 -1443 4042 -106 -47 17
636 -1463 4037 -96 -71 25
709 -1465 4020 -100 -114 12
728 -1476 4029 -106 -96 7
730 -1469 4046 -105 -82 25
667 -1448 4046 -91 -64 55
694 -1463 4050 -89 -81 44
757 -1474 4015 -93 -83 36
777 -1468 4022 -88 -52 49
650 -1442 4056 -85 15 64
591 -1445 4050 -77 24 64
677 -1459 4033 -79 -56 45
701 -1435 4046 -77 -56 41
659 -1454 4065 -72 -33 62
679 -1446 4038 -72 -54 71
695 -1468 4032 -91 -49 58
639 -1460 4070 -91 -22 54
607 -1445 4065 -78 -38 68
677 -1458 4043 -81 -65 66
697 -1475 4012 -90 -35 47
664 -1450 4043 -81 10 48
563 -1421 4098 -72 21 61
633 -1446 4069 -84 -37 57
670 -1465 4039 -96 -64 39
663 -1451 4039 -96 -40 40
647 -1439 4036 -82 -23 54
634 -1431 4048 -94 -24 60
669 -1499 4048 -101 -22 41
639 -1433 4028 -90 -1 39
580 -1452 4090 -86 -9 61
577 -1445 4090 -76 -39 72
644 -1446 4074 -91 -81 60
659 -1457 4047 -102 -90 64
618 -1448 4053 -107 -115 87
618 -1466 4038 -112 -174 102
662 -1486 4030 -115 -233 104
614 -1454 4045 -107 -257 106
679 -1460 4028 -96 -310 116
729 -1477 3961 -91 -337 117
738 -1483 3966 -79 -357 123
690 -1462 4006 -53 -413 149
727 -1471 3993 -42 -506 177
818 -1473 3971 -40 -590 179
891 -1450 3986 -25 -601 185
950 -1438 3998 -3 -555 190
970 -1431 3970 13 -487 207
859 -1444 3954 26 -472 224
819 -1476 3876 58 -679 263
1238 -1388 3983 97 -948 313
1263 -1402 3935 99 -963 311
1223 -1418 3991 89 -416 246
908 -1391 4095 109 -193 191
1001 -1375 4013 104 -338 185
1110 -1339 4038 69 -514 180
1215 -1246 4215 77 -545 176
1233 -1311 4141 35 -353 133
1160 -1257 4084 26 -100 84
1040 -1265 4080 -13 -13 62
1002 -1248 4142 -51 -64 33
1102 -1261 4084 -50 -274 37
1206 -1302 4002 -109 -377 44
