1002 -848 4349 -203 -432 62
999 -878 4281 -210 -340 43
870 -870 4247 -195 -227 9
918 -870 4259 -163 -241 -43
957 -889 4254 -154 -215 -86
1010 -825 4211 -135 -173 -109
1028 -864 4174 -136 -137 -132
1037 -838 4254 -105 -182 -106
1126 -824 4323 -74 -240 -80
1173 -816 4297 -72 -204 -69
1133 -811 4306 -79 -162 -60
1138 -798 4271 -88 -168 -50
1175 -803 4280 -114 -189 -49
1311 -821 4273 -118 -212 -38
1276 -823 4272 -117 -137 4
1208 -849 4268 -110 -92 37
1221 -846 4267 -109 -125 51
1238 -845 4259 -116 -152 67
1274 -840 4259 -119 -143 71
1207 -839 4262 -113 -93 74
1135 -849 4249 -110 -80 71
1175 -862 4254 -98 -86 49
1162 -859 4284 -85 -71 34
1157 -861 4280 -75 -68 30
1192 -833 4271 -77 -84 28
1216 -840 4298 -80 -87 40
1259 -852 4284 -85 -83 43
1265 -856 4265 -86 -74 58
1219 -869 4265 -85 -58 72
1208 -856 4276 -80 -56 75
1207 -871 4267 -84 -60 68
1190 -855 4263 -96 -59 64
1167 -837 4290 -88 -75 80
1180 -831 4281 -85 -81 80
1157 -861 4262 -92 -61 64
1157 -809 4283 -73 -62 68
1176 -836 4298 -76 -99 69
1242 -820 4272 -80 -128 69
1237 -876 4276 -105 -136 79
1230 -841 4277 -95 -198 106
1219 -834 4277 -107 -304 122
1250 -834 4277 -114 -466 160
1303 -853 4264 -127 -634 194
1428 -878 4257 -154 -655 204
1269 -862 4180 -183 -549 194
1182 -922 4049 -179 -668 200
1683 -904 4125 -125 -801 173
1493 -966 4180 -110 -333 120
1421 -926 4164 -77 14 57
1388 -915 4157 -31 32 17
1514 -862 4200 -17 -35 7
1616 -870 4208 -50 -52 5
1518 -866 4232 -54 4 33
1454 -825 4228 -65 5 51
1491 -862 4225 -93 -50 45
1477 -876 4194 -90 -31 47
1426 -903 4182 -95 -14 49
1434 -881 4207 -75 -50 54
1501 -878 4220 -60 -65 46
1457 -869 4200 -82 -19 41
1437 -878 4200 -89 -17 43
1450 -878 4202 -83 -35 43
1488 -880 4209 -83 -17 34
1445 -896 4180 -77 15 37
1444 -890 4212 -65 10 41
1405 -864 4227 -69 4 42
1408 -866 4241 -78 -16 38
1426 -872 4221 -86 -33 35
1454 -859 4217 -89 -36 39
1415 -880 4205 -89 -11 39
1404 -870 4207 -76 -9 46
1415 -874 4211 -76 -28 46
1433 -876 4196 -80 -41 44
1427 -866 4201 -83 -41 45
1413 -864 4202 -87 -44 49
1418 -894 4202 -86 -34 49
1376 -874 4217 -74 10 46
1372 -850 4227 -65 2 42
1432 -846 4226 -75 -28 40
1387 -890 4227 -85 -9 46
1353 -862 4232 -80 3 54
1349 -864 4243 -84 2 46
1354 -879 4227 -86 -1 41
1362 -894 4220 -86 -17 40
1360 -857 4222 -81 -28 43
1358 -873 4233 -91 -42 48
1359 -864 4217 -90 -53 49
1358 -882 4221 -92 -56 48
1360 -850 4215 -80 -50 47
1348 -852 4212 -90 -49 46
1369 -870 4210 -90 -54 48
1363 -861 4189 -92 -49 47
1353 -868 4213 -85 -57 45
1349 -876 4218 -82 -56 47
1353 -868 4235 -77 -60 53
1352 -845 4225 -83 -60 50
1352 -857 4237 -91 -70 52
1355 -863 4208 -95 -70 50
1345 -875 4201 -90 -60 48
1350 -868 4209 -82 -60 47
1350 -857 4216 -77 -59 48
1359 -870 4224 -85 -63 44
1373 -860 4212 -84 -64 45
1357 -861 4221 -90 -58 51
1356 -857 4217 -86 -61 52
1338 -874 4218 -84 -63 51
1349 -854 4204 -79 -63 52
1341 -852 4222 -85 -60 45
1367 -859 4221 -88 -69 43
1362 -862 4226 -92 -69 46
1348 -872 4200 -87 -62 54
1346 -861 4233 -90 -60 47
1372 -848 4207 -86 -60 40
1359 -872 4204 -87 -55 49
1344 -860 4222 -80 -57 49
1352 -848 4218 -79 -60 41
1347 -859 4223 -87 -60 42
1359 -863 4212 -91 -71 51
1366 -850 4215 -92 -70 55
1361 -856 4206 -94 -63 49
1360 -865 4226 -85 -66 51
1328 -866 4202 -85 -58 49
1352 -893 4200 -94 -61 53
1320 -859 4210 -89 -53 45
1353 -856 4224 -86 -62 40
1349 -849 4228 -90 -62 44
1357 -873 4196 -86 -60 48
1355 -836 4230 -77 -57 51
