1456 -808 4360 -56 -258 148
1480 -879 4205 -173 -224 136
1307 -983 4102 -205 -183 149
1248 -1010 4063 -166 -254 171
1383 -805 4045 -106 -334 144
1402 -963 4094 -75 -260 69
1371 -1038 4076 -37 -148 26
1490 -963 4091 5 -114 28
1411 -919 4195 15 -52 25
1392 -893 4253 11 -51 13
1383 -858 4262 -9 -50 -3
1437 -828 4239 -32 -63 -8
1411 -831 4259 -40 -47 23
1510 -631 4179 -16 -69 55
1646 -703 4146 -37 -58 46
1640 -805 4188 -44 33 36
1593 -850 4283 -3 89 62
1560 -881 4307 -7 99 81
1505 -827 4249 -57 116 98
1255 -845 4244 -103 140 108
1163 -794 4269 -88 28 125
1245 -845 4304 -100 -71 108
1207 -838 4348 -116 -50 88
1236 -763 4282 -90 -61 84
1346 -792 4207 -113 -67 63
1326 -903 4180 -136 -55 64
1347 -943 4231 -116 -68 73
1447 -879 4204 -73 -98 87
1459 -927 4141 -116 -30 70
1390 -975 4067 -126 39 44
1410 -971 3873 -130 87 39
1548 -962 3672 -127 220 -21
1193 -1088 4123 -27 409 -26
899 -849 4431 215 398 3
1130 -648 4454 226 176 -23
1149 -583 4549 139 203 -78
934 -697 4653 11 245 -88
1058 -669 4468 -34 -22 -18
1287 -613 4275 -108 -193 19
1270 -761 4219 -199 -144 30
1156 -865 4260 -106 -112 60
1258 -749 4323 7 -139 60
1296 -740 4336 -18 -86 28
1220 -775 4349 -81 -25 26
1244 -692 4354 -86 -89 57
1411 -582 4250 -135 -113 69
1385 -888 4158 -241 39 44
1192 -897 4232 -160 154 77
1075 -777 4330 18 125 89
1006 -852 4414 24 158 26
966 -753 4262 48 186 -30
899 -723 4223 -21 184 -115
919 -662 4161 -30 170 -198
1014 -778 4301 -87 82 -260
1235 -800 4345 -52 -23 -195
1181 -738 4416 -31 32 -90
952 -632 4396 -18 28 27
1112 -680 4387 -97 -136 78
1248 -708 4387 -161 -250 133
1018 -733 4408 -210 -149 192
1033 -712 4384 -166 -220 202
1209 -766 4283 -187 -380 205
1164 -819 4239 -246 -335 198
1123 -812 4190 -198 -350 195
1119 -870 4152 -191 -394 167
1303 -868 4128 -161 -478 136
1458 -879 4045 -148 -425 106
1417 -899 3955 -124 -206 99
1413 -898 3918 -44 -57 88
1277 -806 4161 24 58 96
1263 -716 4422 62 -1 132
1274 -716 4514 18 -38 98
1210 -711 4469 -47 11 65
1125 -738 4416 -137 9 58
1119 -722 4364 -182 -90 89
1184 -752 4338 -189 -149 93
1163 -796 4245 -139 -129 98
1169 -805 4220 -102 -76 84
1231 -833 4222 -82 -69 73
1275 -830 4226 -56 -65 56
1245 -839 4241 -55 -32 39
1270 -827 4292 -73 -50 26
1283 -825 4284 -91 -69 12
1299 -806 4255 -98 -60 18
1239 -773 4246 -82 -43 24
1232 -804 4277 -89 -43 23
1256 -813 4266 -74 -68 32
1248 -810 4269 -73 -50 35
1225 -789 4286 -73 -38 35
1256 -788 4266 -77 -60 52
1240 -791 4241 -86 -52 54
1227 -808 4269 -90 -50 52
1248 -783 4253 -79 -69 55
1277 -802 4243 -87 -60 50
1279 -800 4229 -85 -38 53
1222 -811 4256 -78 -26 53
1225 -801 4247 -78 -64 63
1222 -802 4268 -89 -62 53
1215 -791 4278 -84 -59 54
1222 -788 4262 -77 -72 52
1230 -794 4261 -79 -69 48
1237 -802 4267 -81 -65 55
1220 -793 4259 -76 -68 57
1246 -788 4264 -84 -79 51
1258 -799 4267 -90 -73 51
1213 -796 4265 -83 -68 58
1231 -762 4257 -76 -74 57
1235 -760 4281 -81 -73 51
1244 -773 4302 -88 -64 46
1234 -750 4288 -96 -63 58
1241 -787 4262 -107 -78 64
1235 -804 4269 -107 -90 65
1249 -810 4258 -107 -88 61
1256 -808 4247 -110 -90 58
1254 -816 4231 -104 -83 54
1254 -818 4247 -96 -84 52
1259 -847 4252 -96 -76 49
1252 -786 4231 -91 -72 50
1257 -775 4271 -84 -78 42
1274 -822 4235 -76 -66 39
1261 -823 4262 -71 -47 53
1215 -783 4290 -70 -44 70
1216 -763 4296 -61 -67 80
1283 -767 4268 -63 -80 76
1257 -795 4235 -73 -48 65
1219 -812 4261 -82 -59 64
1243 -797 4297 -78 -106 80
1292 -786 4265 -90 -100 77
