818 -821 4379 -99 -179 -22
1013 -811 4240 -130 -338 11
1202 -883 4160 -154 -427 56
1286 -996 4041 -138 -395 126
1404 -1062 3990 -89 -300 167
1132 -944 4193 0 -159 184
977 -770 4336 71 -206 164
1015 -751 4453 55 -359 103
1017 -830 4471 -46 -377 35
1009 -818 4439 -116 -316 -11
961 -751 4462 -129 -306 -24
1061 -781 4381 -147 -370 -20
1254 -782 4334 -160 -408 19
1407 -789 4389 -143 -246 51
1395 -804 4352 -110 29 52
1493 -829 4317 -129 358 16
1250 -861 4292 -141 712 -33
905 -861 4218 -129 829 -21
997 -855 4217 -104 492 -11
1120 -862 4270 -142 289 -22
1019 -919 4261 -178 261 3
862 -916 4220 -157 183 37
765 -934 4216 -137 39 58
873 -955 4201 -140 -152 67
827 -945 4243 -106 -215 76
829 -914 4253 -72 -283 87
1111 -886 4277 -74 -373 71
1252 -904 4281 -99 -179 33
961 -929 4172 -82 83 41
1066 -922 4187 -31 8 44
1093 -913 4284 -26 -22 42
996 -882 4339 -27 54 52
929 -838 4316 -13 54 49
848 -849 4335 -66 12 41
910 -849 4379 -82 -76 47
917 -829 4346 -77 -102 60
878 -859 4331 -98 -105 64
884 -874 4299 -108 -184 72
991 -872 4262 -101 -271 79
1116 -894 4278 -110 -241 64
1053 -913 4258 -117 -119 49
1027 -895 4216 -88 -89 52
1078 -884 4236 -78 -108 50
1067 -907 4276 -89 -93 52
1005 -886 4265 -80 -61 55
984 -869 4279 -81 -81 59
982 -889 4284 -95 -120 54
988 -878 4280 -88 -165 63
977 -858 4278 -83 -197 65
1050 -891 4262 -102 -222 57
1144 -880 4272 -103 -219 52
1077 -895 4259 -99 -158 62
1043 -856 4269 -86 -166 66
1067 -912 4248 -94 -221 57
1100 -877 4245 -105 -286 68
1119 -885 4225 -104 -362 79
1199 -886 4248 -112 -411 88
1213 -909 4256 -113 -374 86
1230 -921 4217 -107 -311 75
1254 -903 4224 -98 -266 68
1262 -868 4236 -81 -237 62
1312 -903 4214 -86 -233 58
1360 -916 4205 -86 -195 55
1309 -934 4185 -92 -119 51
1278 -916 4194 -73 -102 56
1280 -894 4216 -63 -121 60
1366 -891 4257 -58 -125 59
1276 -882 4253 -62 -74 70
1301 -861 4202 -68 -74 68
1283 -886 4201 -84 -87 58
1266 -917 4231 -83 -84 54
1308 -885 4218 -60 -98 52
1310 -878 4196 -77 -88 44
1323 -875 4210 -80 -86 46
1327 -880 4202 -74 -76 49
1328 -882 4212 -79 -76 46
1334 -892 4211 -79 -85 56
1299 -869 4235 -75 -75 62
1269 -905 4236 -79 -65 56
1263 -895 4221 -88 -76 48
1318 -885 4201 -89 -92 40
1331 -873 4210 -83 -75 36
1344 -883 4188 -82 -67 43
1349 -884 4218 -74 -68 52
1359 -865 4217 -73 -64 57
1357 -883 4202 -79 -56 60
1295 -883 4209 -87 -43 61
1300 -883 4215 -84 -55 58
1302 -840 4235 -73 -66 54
1310 -870 4223 -77 -55 53
1294 -864 4230 -71 -42 56
1281 -882 4228 -81 -50 59
1274 -875 4228 -82 -59 58
1311 -873 4247 -85 -73 57
1321 -872 4214 -91 -68 51
1340 -887 4201 -90 -64 51
1322 -860 4195 -93 -67 55
1316 -900 4215 -88 -66 52
1302 -857 4220 -84 -64 58
1288 -874 4236 -77 -65 52
1276 -837 4238 -85 -73 45
1314 -873 4233 -92 -86 45
1297 -842 4231 -101 -85 48
1312 -875 4219 -105 -90 52
1317 -862 4207 -101 -89 54
1303 -878 4204 -108 -78 51
1317 -881 4205 -108 -80 53
1328 -878 4213 -104 -93 46
1330 -905 4204 -102 -94 48
1334 -893 4187 -98 -87 52
1297 -860 4183 -95 -89 55
1348 -875 4229 -89 -116 49
1355 -884 4204 -94 -117 48
1338 -892 4219 -97 -99 59
1303 -886 4218 -99 -110 63
1332 -873 4212 -95 -136 64
1367 -892 4195 -112 -132 51
1372 -898 4189 -112 -103 50
1352 -894 4192 -105 -84 64
1362 -886 4180 -101 -81 63
1362 -899 4196 -105 -110 63
1378 -889 4225 -106 -118 67
1373 -899 4225 -120 -106 68
1377 -891 4192 -129 -107 75
1367 -917 4160 -138 -108 66
1358 -927 4162 -129 -109 63
1363 -929 4185 -108 -112 67
1380 -919 4185 -89 -97 55
