1679 -1183 3920 -68 -76 -31
1620 -1141 3954 -58 15 -75
1580 -1125 3979 -41 57 -123
1632 -1095 4053 -9 26 -141
1748 -1035 4058 -3 4 -147
1742 -983 4141 -22 63 -147
1760 -993 4163 -36 50 -128
1797 -962 4155 -55 9 -97
1788 -939 4160 -89 -1 -67
1813 -925 4111 -124 -69 -52
1760 -1001 4081 -162 -79 -52
1790 -991 4045 -177 -115 -55
1779 -1002 4046 -182 -96 -75
1692 -1004 4044 -180 -45 -94
1744 -1016 4005 -167 -115 -100
1768 -1047 4006 -170 -137 -103
1788 -1055 3979 -155 -142 -79
1857 -1067 3983 -139 -181 -36
1933 -1059 3983 -133 -189 -4
1913 -1017 3980 -135 -149 25
1871 -1003 3969 -147 -125 36
1941 -1064 3912 -161 -124 32
1876 -1067 3879 -176 -85 37
1728 -1111 3920 -174 -12 35
1891 -1104 3957 -141 -142 39
2016 -1103 3928 -134 -204 68
1792 -1125 3893 -160 -28 78
1822 -1074 3894 -105 -78 86
1845 -1110 3918 -85 -87 75
1888 -1100 3973 -74 -52 67
1885 -1071 4016 -83 -68 66
1824 -1067 3988 -99 -46 68
1820 -1077 3961 -112 -84 66
1824 -1094 3902 -122 -114 59
1812 -1116 3916 -119 -94 54
1768 -1094 3961 -102 -90 51
1750 -1065 3988 -68 -102 35
1846 -1033 3963 -73 -155 25
1913 -1128 3949 -148 -163 30
1914 -1093 3957 -136 -126 43
1912 -1115 3916 -134 -101 50
1931 -1137 3934 -145 -80 67
1939 -1112 3961 -137 -105 82
1908 -1048 3905 -186 -73 95
1948 -1139 3961 -306 -89 101
1925 -1121 3953 -338 -196 121
1871 -1190 3880 -363 -221 131
1857 -1221 3842 -332 -266 130
1845 -1261 3775 -268 -266 110
1826 -1278 3755 -205 -231 82
1887 -1271 3801 -122 -217 57
2027 -1306 3790 -82 -186 24
2052 -1310 3798 -7 -66 -9
1966 -1216 3830 83 25 -8
1969 -1149 3838 91 88 16
1954 -1157 3937 41 95 34
1945 -1113 4007 -1 28 73
1866 -1126 3974 -76 15 83
1872 -1169 3904 -120 -61 82
1865 -1182 3847 -138 -103 79
1874 -1250 3830 -145 -116 77
1903 -1171 3827 -102 -120 74
1926 -1228 3830 -98 -93 58
1949 -1211 3803 -103 -66 53
1936 -1229 3828 -104 -49 54
1938 -1197 3840 -92 -52 59
1897 -1218 3861 -77 -50 60
1896 -1195 3879 -66 -62 54
1904 -1188 3890 -71 -74 47
1901 -1186 3890 -80 -71 48
1914 -1168 3893 -90 -69 50
1932 -1177 3871 -96 -73 50
1918 -1212 3847 -100 -65 54
1910 -1223 3850 -100 -75 59
1914 -1209 3849 -101 -89 51
1914 -1192 3855 -109 -82 42
1937 -1244 3862 -107 -85 43
1932 -1192 3822 -92 -74 56
1935 -1192 3862 -109 -79 50
1941 -1180 3855 -119 -81 43
1964 -1215 3850 -129 -97 46
1954 -1205 3855 -120 -98 64
1945 -1216 3858 -128 -108 71
1947 -1228 3827 -130 -124 67
1918 -1252 3788 -130 -100 59
1933 -1217 3822 -107 -102 64
2002 -1234 3792 -88 -98 56
1986 -1246 3808 -74 -56 53
1933 -1236 3834 -64 -41 61
1916 -1229 3852 -65 -52 63
1925 -1191 3882 -78 -58 53
1948 -1205 3859 -93 -59 40
1965 -1213 3841 -87 -64 49
1956 -1217 3839 -80 -75 61
1936 -1208 3853 -82 -72 64
1943 -1208 3841 -89 -69 55
1973 -1218 3829 -96 -74 52
1953 -1231 3828 -91 -67 56
1963 -1213 3814 -87 -69 58
1935 -1209 3825 -87 -74 63
1943 -1239 3824 -87 -80 56
1931 -1206 3827 -84 -74 51
1953 -1228 3821 -87 -72 51
1950 -1190 3846 -88 -74 55
1955 -1207 3842 -92 -74 54
1964 -1222 3837 -92 -79 54
1969 -1238 3811 -98 -78 54
1939 -1235 3812 -95 -70 53
1936 -1231 3834 -86 -77 54
1952 -1199 3842 -84 -77 51
1964 -1212 3847 -98 -59 45
1969 -1229 3837 -99 -65 54
1939 -1213 3841 -91 -69 53
1959 -1228 3836 -90 -77 50
1962 -1222 3834 -92 -70 47
1974 -1219 3820 -88 -68 48
1971 -1227 3818 -89 -70 51
1971 -1210 3824 -89 -71 52
1965 -1243 3816 -92 -62 50
1950 -1247 3812 -84 -56 50
1949 -1208 3858 -76 -71 56
1972 -1212 3851 -86 -73 50
1969 -1198 3823 -94 -62 54
1970 -1227 3836 -92 -66 51
1929 -1217 3835 -85 -63 58
1940 -1236 3826 -88 -75 56
1949 -1238 3817 -94 -71 40
1989 -1226 3830 -95 -72 39
