2083 -1840 3377 -49 -71 50
2079 -1852 3318 -54 36 44
1982 -1832 3433 -51 45 59
2032 -1848 3463 -50 0 52
2121 -1830 3379 -61 -2 58
2125 -1837 3377 -56 34 78
1996 -1817 3390 -46 24 87
1958 -1858 3463 -66 -87 84
2082 -1836 3410 -69 -160 79
2059 -1855 3349 -66 -121 81
2082 -1849 3347 -50 -150 114
1969 -1839 3342 -16 -149 136
1940 -1861 3348 -26 -165 112
2068 -1829 3345 -8 -239 86
2072 -1822 3363 -4 -224 81
2084 -1812 3444 -6 -201 75
2131 -1785 3448 -15 -169 72
2188 -1809 3372 -31 -58 58
2145 -1801 3387 -41 43 81
2112 -1791 3322 -38 85 84
2029 -1852 3210 -30 77 40
2099 -1874 3414 -24 -122 87
2065 -1865 3467 -19 -171 146
1772 -1843 3474 -62 41 125
1896 -1814 3448 -88 -71 128
2054 -1774 3459 -69 -128 118
2034 -1786 3437 -82 -86 111
2110 -1841 3338 -73 -142 90
2078 -1864 3277 -75 -142 88
1958 -1868 3304 -58 -124 99
1954 -1878 3322 -53 -122 72
2120 -1829 3379 -24 -159 53
2090 -1823 3352 -29 -82 61
2090 -1821 3335 -22 -46 60
2075 -1836 3402 -22 -7 53
2059 -1794 3430 -22 15 36
2090 -1772 3460 -35 -23 32
2183 -1736 3457 -46 -80 48
2088 -1740 3453 -65 -30 46
2080 -1758 3446 -72 -42 46
2079 -1786 3452 -77 -44 45
2080 -1816 3398 -86 -25 43
2087 -1812 3378 -89 -43 47
2060 -1813 3416 -88 -60 55
2104 -1815 3348 -96 -80 77
2085 -1815 3307 -98 -48 72
2030 -1796 3371 -90 -53 78
2075 -1811 3458 -85 -112 58
2093 -1831 3342 -84 -83 48
2036 -1814 3369 -84 -64 66
2059 -1824 3325 -83 -83 64
2120 -1836 3307 -80 -96 48
2113 -1851 3305 -75 -46 61
2046 -1819 3300 -62 -12 61
2101 -1823 3338 -55 -7 61
2144 -1808 3367 -41 0 52
2070 -1791 3435 -35 -8 61
2051 -1809 3451 -61 -44 67
2088 -1797 3387 -71 -97 82
2104 -1817 3348 -76 -94 78
1994 -1823 3360 -69 -61 87
2064 -1820 3364 -65 -82 65
2135 -1795 3359 -61 -84 58
2126 -1817 3365 -58 -39 56
2042 -1801 3450 -59 -37 71
2049 -1788 3429 -64 -72 69
2114 -1813 3376 -81 -85 80
2076 -1815 3383 -72 -66 70
2075 -1808 3334 -75 -64 62
2066 -1828 3350 -72 -69 55
2066 -1825 3382 -62 -63 36
2115 -1811 3321 -67 -68 66
2055 -1817 3365 -68 -46 79
2051 -1813 3409 -61 -65 58
2109 -1816 3387 -61 -77 64
2100 -1808 3343 -74 -44 54
2052 -1792 3396 -72 -60 64
2089 -1798 3391 -65 -103 52
2128 -1807 3377 -73 -93 52
2089 -1804 3335 -79 -52 62
2074 -1801 3345 -72 -65 63
2100 -1801 3392 -72 -77 58
2097 -1814 3368 -72 -56 50
2085 -1807 3342 -76 -58 67
2077 -1809 3378 -74 -78 64
2141 -1810 3362 -74 -85 61
2102 -1819 3332 -74 -55 61
2068 -1808 3367 -70 -62 61
2105 -1817 3358 -70 -87 60
2113 -1797 3347 -66 -78 60
2112 -1824 3354 -68 -59 60
2174 -1813 3380 -66 -66 55
2160 -1770 3356 -70 -124 118
2199 -1824 3413 -80 -241 128
2071 -1810 3362 -83 -251 110
2155 -1802 3282 -105 -280 146
2123 -1843 3312 -89 -220 130
2068 -1835 3342 -101 -113 114
2105 -1841 3330 -96 -113 124
2111 -1852 3322 -104 -83 93
2131 -1845 3311 -110 -88 99
2123 -1857 3282 -111 -107 89
2106 -1844 3286 -111 -108 72
2111 -1859 3281 -112 -117 79
2154 -1871 3268 -113 -100 67
2188 -1860 3232 -115 -62 67
2112 -1884 3253 -106 -46 93
2134 -1874 3277 -94 -81 89
2179 -1863 3276 -102 -89 65
2198 -1858 3256 -102 -81 86
2146 -1873 3278 -93 -83 80
2165 -1883 3260 -92 -108 95
2164 -1881 3198 -89 -71 82
2212 -1876 3218 -93 -30 78
2218 -1878 3229 -82 -32 75
2140 -1910 3226 -93 6 58
2127 -1887 3209 -96 -2 71
2092 -1861 3255 -80 -38 91
2109 -1867 3277 -67 -58 104
2142 -1903 3274 -61 -40 76
2058 -1901 3257 -68 -7 61
2057 -1906 3235 -70 -55 41
2147 -1906 3219 -68 -96 75
2142 -1897 3220 -55 -36 44
2117 -1896 3264 -38 -11 38
2132 -1885 3283 -39 -52 54
2144 -1900 3223 -48 -55 54
2120 -1894 3239 -45 -30 40
