650 474 4577 -79 -73 66
687 464 4603 -78 -86 66
659 471 4563 -79 -79 62
673 476 4575 -80 -70 58
641 470 4601 -79 -72 62
656 477 4571 -80 -67 60
670 437 4561 -94 -83 49
673 460 4600 -76 -98 65
705 468 4570 -80 -90 64
690 464 4577 -80 -78 57
644 478 4593 -78 -69 59
663 476 4578 -78 -78 64
655 471 4580 -82 -77 62
701 458 4564 -80 -76 58
655 453 4581 -87 -72 59
666 461 4584 -77 -85 64
684 465 4572 -77 -83 59
694 467 4559 -83 -79 60
673 470 4590 -81 -74 61
681 457 4575 -81 -68 62
664 466 4587 -79 -72 65
715 477 4570 -77 -78 60
690 474 4560 -82 -73 60
681 476 4555 -79 -68 62
675 469 4582 -80 -74 59
700 467 4575 -81 -64 64
708 460 4558 -85 -56 65
696 472 4575 -81 -56 59
699 476 4572 -83 -57 63
679 476 4580 -79 -59 60
687 452 4577 -77 -66 62
701 466 4546 -80 -52 71
685 486 4533 -84 -44 70
716 465 4551 -85 -54 67
715 470 4549 -83 -47 67
732 478 4550 -82 -28 64
744 475 4510 -81 -1 78
662 472 4519 -76 44 87
672 471 4549 -72 44 89
650 462 4566 -69 59 83
711 534 4660 -71 82 86
531 334 4602 -133 265 78
396 531 4588 -94 221 95
512 452 4556 -118 24 90
626 446 4606 -103 18 77
596 489 4691 -62 42 63
967 652 5064 91 47 102
682 447 4853 -123 434 106
543 486 4644 -160 797 131
217 475 4713 -222 1006 149
338 634 5118 -234 884 169
89 776 5375 -345 1088 148
222 545 5323 -523 1524 71
-387 677 5141 -770 1917 22
-884 416 4978 -1059 1878 -94
-1034 328 4636 -1163 1593 -202
-1295 127 4331 -1264 1477 -341
-1204 86 4135 -1282 1367 -503
-1324 -23 3829 -1266 1489 -722
-1260 -472 3555 -1204 1735 -883
-1664 -368 3652 -882 1867 -1119
-1883 -479 3645 -777 1447 -1219
-1599 -464 3824 -724 971 -1289
-1532 -758 4086 -659 698 -1302
-1144 -635 4173 -626 550 -1309
-921 -1076 3922 -817 704 -1300
-1177 -1130 3761 -766 1061 -1234
-1375 -1159 3777 -861 1120 -1183
-1081 -1355 3616 -1014 888 -1122
-1105 -1455 3446 -1038 805 -998
-1134 -1500 3148 -907 977 -924
-1364 -1572 2930 -702 1127 -854
-1422 -1708 2879 -571 1073 -784
-1289 -1857 2881 -372 1055 -744
-1570 -1933 2678 -94 1154 -739
-1604 -1939 2669 107 1075 -747
-1341 -1924 2787 198 991 -754
-1508 -1990 2732 201 1024 -666
-1765 -1929 2768 310 1027 -608
-1543 -1852 3020 358 961 -603
-1667 -1839 3147 326 943 -563
-1856 -1799 3074 350 824 -468
-1979 -1804 3126 256 663 -406
-1574 -1783 3244 173 632 -400
-1632 -1767 3310 58 784 -321
-2201 -1785 3200 -73 745 -219
-1332 -1744 3513 -192 160 -155
-1465 -1825 3310 -398 356 -38
-2158 -2092 2618 -577 681 66
-2269 -2190 2180 -597 458 25
-2071 -2146 2154 -514 289 -67
-2155 -2165 2095 -409 306 -85
-2089 -2059 2327 -308 247 -105
-2151 -2108 2323 -265 116 -91
-2110 -2173 2371 -240 -125 -73
-1820 -2144 2422 -211 -264 -99
-1859 -2120 2420 -225 -218 -60
-1989 -2122 2437 -216 -126 -16
-1951 -2218 2369 -206 -162 -14
-1817 -2187 2422 -173 -261 -19
-1955 -2238 2423 -177 -244 27
-1858 -2203 2308 -155 -268 39
-1710 -2279 2361 -159 -228 52
-1664 -2281 2344 -125 -57 59
-1837 -2151 2336 -69 68 109
-2324 -2200 2375 -35 126 130
-2001 -2217 2283 -40 -24 49
-1891 -2209 2500 -21 -12 15
-2145 -2092 2642 -12 78 24
-2052 -2140 2567 -68 31 -10
-2366 -2133 2240 -94 40 -32
-2092 -2218 2221 -53 -141 -67
-1906 -2152 2504 21 -229 -90
-1688 -2152 2769 5 -275 -64
-1446 -2141 2793 -83 -270 18
-1742 -2233 2546 -158 -156 105
-1937 -2223 2427 -160 -174 138
-2160 -2241 2377 -188 -250 134
-2026 -2223 2322 -154 -430 107
-1821 -2233 2398 -102 -705 111
-1560 -2235 2526 -48 -661 145
-1711 -2266 2439 -16 -295 140
-2055 -2246 2399 16 -132 134
-2205 -2093 2595 52 -431 122
-1922 -2081 3039 36 -656 74
-1627 -2093 2809 -12 -634 48
-1631 -2179 2646 -56 -365 48
-1989 -2259 2358 -54 -304 63
