546 -1295 4575 176 838 62
340 -1195 4881 173 1253 62
-46 -1102 4625 7 1289 -28
16 -1143 4336 -136 812 -67
97 -1188 4131 -185 403 -110
104 -1225 4060 -146 18 -158
180 -1272 4036 -79 -455 -189
111 -1222 4108 -42 -901 -228
1030 -1310 4154 25 -1183 -224
977 -1237 4289 111 -439 -113
607 -1176 4164 127 -9 -33
316 -1158 4165 32 -202 -3
341 -1181 4388 -35 -545 -6
676 -1173 4445 -40 -683 -34
899 -1174 4186 -41 -438 -63
629 -1136 4253 -22 18 -50
823 -1151 4440 -53 194 -61
845 -1133 4439 -120 424 -73
1235 -1109 4215 -161 581 -27
1304 -1192 3968 -125 966 23
641 -1169 4192 -20 1387 185
398 -1255 4205 -42 1404 231
275 -1223 4177 -72 1285 245
314 -1043 4632 -16 1295 244
-187 -862 4442 73 1543 255
-762 -1147 3742 -72 1558 260
-490 -1180 3324 -99 796 230
100 -1358 4386 -49 453 267
-1305 -1141 4500 -97 681 407
-990 -901 4219 -170 -189 396
-98 -1166 3832 -459 -1373 424
78 -1228 4136 -360 -1256 463
-253 -1113 4298 -138 -913 571
-458 -1222 4360 -258 -733 466
-370 -1231 3956 -295 -853 395
-577 -1330 3366 -260 -844 356
-269 -1477 3802 -92 -982 239
137 -1222 4047 53 -854 148
-203 -1181 4056 67 -59 29
-153 -1113 4133 134 201 -96
-110 -1086 4346 166 206 -127
281 -1101 4332 147 357 -98
-292 -1085 4071 65 263 12
21 -1120 4310 80 -308 44
-110 -1006 4354 120 -383 106
32 -1040 4203 52 -339 47
191 -1103 4165 19 -100 -24
264 -1067 4388 94 246 -6
-106 -945 4480 81 399 35
-205 -941 4310 -21 196 49
-31 -1047 4267 -81 -21 55
-92 -991 4298 -34 -28 84
-214 -979 4312 -30 25 59
-63 -1023 4328 -80 -20 27
74 -1041 4311 -104 120 11
-199 -1024 4275 -97 375 23
-238 -1013 4203 -97 362 11
-396 -1050 4116 -117 372 -2
-204 -1024 4122 -71 152 -9
-174 -1071 4210 -62 67 7
-282 -1018 4229 -37 152 18
-276 -996 4226 -53 130 6
-327 -1004 4250 -74 107 0
-351 -986 4215 -59 35 12
-275 -1031 4174 -83 -31 -3
-272 -1042 4179 -86 -40 -1
-273 -1044 4194 -65 -60 20
-237 -1002 4179 -59 -93 37
-222 -1029 4160 -71 -121 45
-286 -1025 4191 -53 -140 68
-277 -1022 4183 -52 -169 74
-198 -1020 4229 -54 -133 62
-350 -944 4284 -15 -38 55
-382 -980 4270 -15 -70 48
-198 -1025 4240 -76 -155 28
-150 -997 4261 -76 -98 32
-244 -952 4282 -61 -14 58
-240 -986 4234 -85 -18 52
-226 -1026 4179 -100 11 40
-302 -985 4190 -68 29 52
-319 -991 4241 -57 -18 60
-256 -1004 4234 -77 -54 48
-275 -996 4206 -87 -34 47
-335 -970 4191 -65 -21 58
-304 -1003 4199 -79 -54 48
-236 -1003 4200 -71 -58 34
-256 -997 4201 -63 -35 44
-294 -987 4240 -53 -51 63
-290 -979 4210 -56 -61 58
-294 -995 4212 -69 -38 53
-338 -936 4294 -36 -55 66
-359 -924 4255 -39 -96 62
-304 -999 4218 -78 -96 28
-260 -955 4210 -63 -67 19
-255 -948 4284 -42 -95 40
-239 -968 4275 -52 -110 38
-197 -1006 4211 -82 -53 40
-184 -956 4228 -57 -9 69
-230 -945 4235 -29 37 91
-274 -980 4191 -47 124 65
-406 -998 4152 -39 211 42
-468 -930 4216 12 266 29
-367 -929 4220 11 283 -15
-288 -955 4168 -23 360 -40
-420 -919 4174 -2 477 -27
-526 -932 4157 3 489 -12
-506 -971 4107 -13 460 -24
-633 -909 4209 4 473 -10
-690 -842 4281 38 420 -7
-682 -838 4288 7 356 -16
-714 -843 4265 -40 305 -18
-706 -855 4201 -69 226 6
-732 -865 4149 -90 139 35
-785 -907 4150 -107 82 50
-775 -881 4125 -99 31 50
-734 -900 4092 -101 -7 45
-696 -920 4090 -94 3 55
-734 -911 4143 -65 62 58
-808 -900 4119 -49 87 64
-784 -884 4111 -54 61 58
-842 -895 4161 -58 44 65
-894 -853 4148 -56 -15 65
-806 -881 4155 -99 -115 63
-806 -906 4115 -104 -108 67
-797 -896 4093 -90 -103 70
-786 -917 4098 -82 -88 55
-803 -888 4157 -67 -72 56
-774 -866 4169 -54 -84 58
