964 400 4647 -49 -123 68
931 395 4587 -75 -101 37
958 400 4505 -92 -70 37
1000 410 4554 -83 -76 40
986 432 4626 -72 -48 39
926 419 4571 -83 -53 44
909 407 4556 -86 -54 35
988 414 4580 -87 -76 27
1055 408 4560 -91 -107 22
1022 407 4541 -86 -51 29
1000 392 4576 -79 -40 46
920 417 4564 -71 -28 56
907 403 4563 -75 -30 56
932 409 4567 -83 -66 45
984 390 4545 -85 -79 47
910 420 4552 -80 -77 51
939 404 4555 -83 -109 50
972 404 4536 -88 -98 45
989 400 4550 -85 -75 47
966 408 4572 -80 -57 47
987 404 4529 -86 -65 55
964 407 4540 -83 -48 56
963 414 4559 -75 -55 67
949 400 4567 -78 -71 67
947 393 4544 -87 -78 61
992 415 4550 -90 -78 63
951 419 4555 -83 -53 65
973 405 4548 -82 -83 66
971 397 4512 -79 -100 63
982 423 4569 -82 -87 63
990 401 4550 -84 -82 57
977 409 4521 -82 -72 67
954 403 4546 -81 -58 66
997 413 4537 -79 -70 57
960 412 4550 -81 -73 57
968 405 4537 -83 -63 60
965 413 4539 -81 -64 57
987 398 4538 -82 -58 53
964 410 4560 -79 -51 56
972 432 4543 -79 -66 52
997 395 4525 -81 -69 47
971 396 4550 -80 -60 53
966 393 4536 -80 -67 51
989 421 4546 -78 -85 49
992 415 4552 -84 -73 49
1016 412 4503 -81 -77 60
1015 419 4513 -80 -71 63
965 409 4546 -78 -69 68
969 418 4559 -77 -92 74
918 411 4556 -86 -87 70
1019 411 4502 -91 -117 62
1025 424 4520 -85 -75 59
1031 420 4554 -80 -59 64
946 430 4539 -80 -45 58
942 434 4557 -82 -54 51
1033 399 4533 -86 -90 39
1000 402 4547 -85 -66 48
970 423 4539 -82 -64 54
991 422 4547 -85 -72 45
990 407 4521 -83 -68 43
1007 410 4514 -84 -70 50
999 415 4526 -83 -63 58
1006 426 4535 -79 -71 58
1007 402 4496 -88 -52 54
1023 407 4496 -87 -40 56
1063 418 4532 -84 -17 50
970 436 4579 -79 12 49
965 421 4571 -84 -79 53
992 426 4565 -80 -137 57
929 416 4550 -89 -107 58
935 439 4541 -87 -146 53
1002 439 4543 -87 -155 49
958 418 4560 -91 -111 50
1049 390 4535 -87 -147 63
1058 385 4502 -88 -118 75
1050 422 4510 -85 -82 70
1013 434 4541 -89 -67 61
1100 389 4486 -93 -84 49
1075 409 4525 -89 -79 44
1039 410 4519 -87 -51 53
1043 423 4555 -84 -61 51
1034 431 4515 -82 -66 56
1066 407 4512 -84 -84 57
1054 423 4511 -76 -71 60
1032 424 4539 -81 -69 58
1024 396 4544 -88 -91 55
990 421 4524 -96 -104 52
1037 405 4533 -106 -173 52
1100 413 4515 -104 -183 50
1071 413 4524 -107 -128 48
1093 414 4509 -100 -131 43
1083 398 4514 -101 -115 48
1099 396 4512 -95 -99 51
1067 405 4505 -94 -73 61
1075 403 4544 -88 -72 61
1083 410 4517 -85 -65 59
1087 411 4502 -89 -61 53
1105 421 4519 -88 -82 54
1096 398 4514 -87 -91 58
1100 394 4518 -85 -83 57
1106 395 4503 -83 -68 55
1049 422 4533 -85 -58 55
1092 405 4511 -87 -87 56
1137 402 4501 -87 -91 53
1119 415 4517 -83 -65 54
1075 407 4516 -82 -64 51
1065 413 4549 -81 -79 54
1084 390 4515 -88 -78 54
1107 400 4514 -87 -67 46
1098 393 4527 -87 -76 51
1130 408 4513 -84 -91 49
1118 407 4498 -88 -67 45
1130 405 4509 -82 -62 47
1071 410 4515 -82 -53 48
1078 405 4536 -81 -55 57
1106 384 4506 -86 -68 58
1129 411 4502 -85 -68 56
1113 426 4517 -82 -42 51
1126 416 4534 -80 -52 51
1082 396 4512 -83 -56 52
1147 411 4503 -80 -74 56
1126 402 4480 -77 -50 64
1063 404 4556 -82 -30 69
1070 411 4550 -80 -61 65
1115 404 4502 -88 -74 50
1122 410 4512 -83 -55 51
1103 433 4525 -81 -54 50
1086 407 4524 -87 -60 47
