-2049 637 3728 102 -397 -13
-2069 633 3717 87 -192 -79
-2110 555 3727 78 -54 -137
-2257 633 3685 118 -25 -112
-2195 575 3668 129 -150 -104
-2168 552 3647 98 -108 -119
-2383 571 3645 86 -58 -114
-2214 541 3611 82 -178 -107
-2335 505 3540 55 -117 -78
-2443 505 3607 73 -195 -63
-2249 611 3632 68 -365 -137
-2147 610 3705 65 -443 -72
-2205 605 3692 55 -422 -66
-2196 657 3702 60 -447 15
-2089 666 3726 12 -508 10
-2084 634 3804 -37 -488 15
-1931 664 3855 -20 -518 65
-1807 643 3906 -63 -524 59
-1840 598 3928 -90 -392 84
-1852 588 3918 -93 -317 165
-1843 546 3872 -128 -255 192
-1847 536 3903 -126 -221 267
-1760 545 3961 -118 -210 229
-1676 598 3956 -90 -172 260
-1709 524 3875 -106 5 187
-1732 842 3844 -65 181 146
-1736 821 3910 -88 -223 100
-1719 650 3975 -127 89 46
-1787 723 3932 -172 118 -27
-1742 545 3957 -157 202 4
-1993 450 3764 -139 249 37
-2016 433 3762 -103 196 50
-2132 506 3802 -52 117 102
-1877 550 3841 -28 -41 17
-1816 691 3871 -63 10 -40
-1833 702 3886 -55 177 -93
-1820 716 3854 -90 295 -139
-2053 661 3774 -73 420 -130
-2273 546 3685 -136 420 -97
-2332 478 3641 -159 268 -60
-2227 419 3624 -114 6 5
-2157 415 3634 -94 -93 34
-2162 501 3661 -44 -105 67
-2110 590 3722 -16 -191 96
-2059 620 3743 -19 -196 75
-2072 626 3755 -46 -170 86
-2092 593 3737 -67 -147 56
-2137 547 3731 -98 -164 71
-2047 509 3738 -98 -201 84
-2036 507 3775 -43 -194 129
-1963 528 3799 -33 -227 145
-1939 591 3846 -41 -197 115
-1935 600 3847 -51 -152 112
-1915 581 3827 -78 -94 90
-1997 582 3812 -88 -29 89
-1995 514 3819 -103 -33 71
-1998 507 3802 -71 -53 77
-1993 549 3783 -81 -70 66
-1950 563 3832 -64 -75 78
-1923 569 3818 -60 -49 46
-1949 570 3809 -70 -12 62
-1992 556 3800 -78 34 46
-2045 550 3757 -79 35 58
-1967 540 3787 -70 11 25
-2037 568 3777 -74 26 68
-2035 573 3750 -59 27 51
-2040 589 3757 -62 -3 74
-2067 585 3768 -64 -6 80
-2085 593 3738 -69 -8 24
-2094 583 3741 -79 -61 82
-2095 552 3741 -82 -87 52
-2065 556 3756 -75 -123 52
-2026 561 3778 -64 -157 90
-2001 566 3786 -56 -141 37
-2020 566 3799 -51 -136 72
-1987 558 3792 -51 -140 59
-1968 565 3812 -52 -152 75
-1936 548 3823 -53 -132 80
-1931 544 3823 -49 -96 59
-1937 549 3816 -34 -64 52
-2038 574 3797 -60 -10 47
-2009 623 3780 -48 -41 73
-2046 650 3793 -69 -57 39
-2037 559 3794 -81 -115 79
-1957 542 3817 -93 -152 58
-1910 591 3817 -55 -154 81
-1930 613 3847 -55 -76 78
-1912 638 3835 -71 -44 67
-1978 602 3819 -88 -40 78
-2009 570 3801 -108 -36 65
-1993 556 3810 -91 -67 40
-1957 551 3815 -79 -87 60
-1914 547 3828 -72 -78 44
-1932 545 3842 -66 -42 40
-1993 578 3803 -64 -15 73
-1974 590 3812 -54 -29 75
-1947 588 3815 -60 -39 59
-1998 572 3820 -81 -16 52
-2005 581 3790 -79 -20 46
-2003 591 3792 -63 -42 48
-2007 600 3805 -62 -66 33
-1969 579 3824 -69 -90 55
-1966 569 3823 -74 -89 59
-1967 578 3817 -73 -89 63
-1949 582 3827 -66 -97 67
-1945 571 3838 -73 -97 72
-1949 567 3828 -77 -74 51
-1941 572 3807 -76 -66 56
-1940 575 3822 -71 -63 64
-1939 579 3829 -63 -52 76
-1961 597 3812 -57 -31 56
-1987 609 3818 -68 -25 42
-1969 586 3808 -85 -45 59
-1960 570 3817 -87 -49 39
-1964 568 3820 -78 -47 49
-1979 578 3816 -71 -57 67
-1965 584 3834 -68 -64 65
-1935 575 3826 -75 -75 60
-1953 569 3824 -75 -58 43
-1966 563 3832 -75 -51 54
-1968 568 3822 -66 -52 45
-1953 568 3833 -63 -61 62
-1941 590 3825 -61 -56 63
-1952 593 3840 -67 -47 60
-1971 581 3834 -74 -40 60
-1976 579 3823 -77 -49 80
-1961 579 3826 -75 -53 48
-1962 570 3827 -79 -55 42
