-2329 544 3560 -70 -75 69
-2325 554 3542 -73 -74 79
-2323 550 3548 -79 -70 60
-2304 556 3565 -80 -69 60
-2360 546 3557 -80 -62 62
-2341 531 3531 -70 -76 54
-2336 524 3515 -70 -114 83
-2385 512 3508 -70 -174 86
-2357 543 3528 -68 -248 96
-2354 542 3519 -59 -297 90
-2346 515 3565 -43 -395 111
-2205 560 3640 -30 -491 117
-2020 567 3735 -20 -486 105
-2028 593 3782 -34 -335 125
-2074 574 3747 -58 -219 93
-2180 565 3688 -77 -156 102
-2151 558 3664 -66 -153 88
-2175 570 3710 -46 -170 115
-2094 566 3717 -51 -216 113
-2116 582 3683 -45 -188 113
-2159 596 3718 -40 -178 86
-2041 607 3775 -41 -263 84
-1977 600 3788 -50 -256 83
-1988 592 3796 -52 -152 53
-2007 611 3780 -58 -95 57
-2070 606 3757 -60 -53 59
-2049 601 3743 -63 -56 73
-2029 612 3766 -61 -71 57
-2033 588 3760 -66 -77 74
-2051 606 3750 -59 -54 48
-2099 596 3734 -56 -49 34
-2103 597 3741 -49 -92 18
-2016 619 3779 -44 -150 18
-1986 613 3814 -55 -131 22
-1986 592 3799 -66 -62 20
-2071 581 3770 -64 -24 50
-2049 601 3760 -53 -42 24
-2022 593 3774 -53 -42 -24
-2007 602 3784 -57 -18 -6
-2171 571 3710 -71 1 29
-2165 567 3701 -52 -104 -8
-2008 588 3779 -27 -217 -49
-1915 592 3847 -31 -226 -3
-1961 592 3808 -46 -91 1
-2233 531 3698 -70 -62 61
-2085 565 3708 -32 -231 -1
-2024 616 3835 -20 -264 -1
-1844 596 3888 -24 -263 12
-1873 588 3875 -51 -163 37
-1971 567 3815 -71 -107 49
-2012 576 3794 -72 -123 81
-1909 536 3796 -51 -161 62
-2039 626 3812 -29 -160 45
-1890 553 3849 -36 -241 61
-1924 581 3869 -19 -204 83
-1933 607 3850 -34 -251 51
-1835 614 3916 -28 -266 44
-1913 590 3838 -45 -227 11
-1955 659 3866 -13 -244 60
-1964 586 3894 6 -241 13
-1780 516 3880 15 -259 2
-1560 532 3849 -22 -287 -24
-1740 667 3860 -52 -274 15
-1779 720 3861 -48 -276 -47
-1590 288 4138 2 -300 -24
-1548 805 4096 95 -303 58
-2054 737 4091 5 -182 28
-1558 637 4023 -150 -158 9
-1782 554 3963 -133 -17 4
-1817 622 3932 -109 -77 11
-1516 481 3831 -39 -105 25
-1407 459 3981 70 -74 34
-1607 696 3965 -99 -127 61
-1814 815 3973 -72 -50 47
-1487 589 3851 -141 -119 37
-1859 599 4036 77 -134 195
-1716 640 3973 -134 -245 189
-1837 628 3988 -90 -252 235
-1782 361 3811 -109 -292 247
-1599 286 4224 -31 -333 204
-1186 460 3937 153 -427 199
-1661 589 4194 259 -226 135
-1724 814 4022 174 -186 -21
-1564 820 3469 -39 -283 -121
-2588 527 4736 23 -339 -257
-1344 952 3844 101 -838 -287
-1157 1071 4470 -55 -745 -244
-855 854 4377 -27 -517 -123
-957 911 4150 -124 -198 11
-1559 717 4149 -263 84 63
-1690 554 4106 -308 -37 47
-1360 479 4168 -200 -285 62
-1033 494 4209 -112 -274 72
-1004 579 4244 -4 -75 102
-1163 665 4316 18 101 131
-1286 775 4238 -89 239 98
-1332 690 4163 -150 310 52
-1581 657 4078 -164 295 47
-1600 571 4031 -145 148 44
-1527 565 4046 -120 26 31
-1482 573 4121 -86 -46 32
-1388 605 4136 -62 -66 40
-1412 633 4146 -62 -46 52
-1419 626 4132 -85 -25 40
-1472 615 4113 -99 -18 46
-1535 588 4109 -105 -46 33
-1343 542 4095 -105 -96 28
-1550 613 4138 -69 -65 63
-1313 633 4132 -58 -135 65
-1476 562 4104 -58 -58 32
-1557 625 4135 -58 -54 2
-1335 612 4156 -75 -175 -1
-1297 598 4131 -86 -116 13
-1812 825 4099 -94 -47 15
-2493 664 4033 -138 -275 -220
-1950 358 3738 -2 -633 -452
-1998 226 3644 106 -429 -651
-2537 424 4062 244 -370 -860
-2659 317 4286 324 -582 -1227
-1963 -94 4248 360 -797 -1619
-1301 -182 4027 383 -831 -1805
-908 -142 3847 441 -790 -1792
-1240 -204 3896 592 -759 -1809
-901 111 4183 821 -1100 -1924
-188 348 4387 921 -1295 -1946
-198 427 4445 868 -796 -1792
-137 584 4274 833 -205 -1606
182 813 3944 839 331 -1370
