-1923 1309 3075 -168 83 236
-2097 1217 3092 -86 212 361
-2212 1185 3100 -29 356 464
-2162 1332 3147 13 484 597
-2443 1532 3195 4 713 685
-2369 1658 3017 -53 952 755
-2912 1781 2835 -123 1191 853
-3287 1785 2816 -225 1221 865
-3184 1759 2832 -311 957 858
-3404 1809 2817 -448 845 800
-3630 1917 2820 -553 597 643
-3141 1742 2644 -558 151 499
-2837 1958 2388 -480 54 415
-2949 1765 2537 -425 155 370
-2873 1601 2703 -277 -62 305
-2931 1546 2784 -183 -298 228
-2909 1508 2912 -133 -513 105
-2451 1533 2933 -92 -652 -21
-2523 1504 3073 -67 -473 -124
-3396 1586 3407 -1 -497 -250
-4568 1616 3706 -36 -1208 -527
-1459 1714 3148 -99 -2100 -759
-745 1864 2961 102 -1149 -615
-2284 1697 3093 -32 298 -537
-2925 1616 3172 71 -6 -471
-2469 1621 3165 115 -592 -476
-2282 1366 3335 68 -461 -412
-2378 1294 3459 -5 -307 -362
-2233 1326 3432 -67 -381 -309
-2190 1275 3405 -103 -371 -253
-2093 1307 3364 -136 -205 -194
-2283 1300 3344 -157 -46 -128
-2271 1279 3294 -163 -98 -84
-2057 1212 3103 -157 -92 -10
-2256 1215 3091 -172 52 193
-2531 1243 3268 -141 17 284
-2530 1295 3388 -87 -171 288
-2434 1379 3413 -77 -209 263
-2472 1413 3416 -80 -111 220
-2458 1440 3360 -69 -60 163
-2437 1413 3263 -53 -38 121
-2541 1359 3262 -38 4 88
-2587 1375 3286 -11 -52 48
-2420 1358 3296 21 -116 10
-2359 1368 3282 33 -75 -9
-2443 1377 3302 44 -38 -18
-2396 1363 3374 53 -89 -15
-2335 1390 3367 50 -74 2
-2419 1443 3331 16 -15 32
-2417 1441 3342 -6 -12 53
-2474 1416 3291 -21 -37 55
-2427 1412 3146 -22 -4 28
-2295 1345 3007 46 40 21
-2502 1361 3049 150 140 16
-2449 1330 3094 246 131 -1
-2564 1398 3202 303 168 -16
-2587 1454 3269 313 161 -71
-2473 1477 3309 293 64 -68
-2495 1538 3334 245 119 -53
-2519 1597 3303 186 108 -60
-2403 1637 3300 128 32 -43
-2377 1637 3308 81 27 4
-2306 1620 3345 21 81 51
-2483 1592 3331 -52 126 128
-2545 1580 3286 -111 96 147
-2442 1587 3249 -177 23 173
-2485 1579 3237 -209 -84 187
-2493 1533 3155 -222 -105 201
-2670 1504 3099 -246 -6 196
-2679 1485 3027 -243 11 176
-2678 1518 3097 -241 -77 170
-2578 1515 3006 -200 -207 100
-2593 1499 3084 -181 -80 75
-2545 1466 3054 -146 -74 54
-2503 1483 3085 -107 -88 46
-2560 1458 3083 -73 -142 49
-2569 1497 3183 -39 -134 43
-2326 1442 3290 -52 -297 62
-2404 1478 2940 -25 -199 39
-2717 1509 2960 6 -65 33
-2513 1432 3326 36 -364 66
-2168 1426 3364 31 -467 76
-2446 1598 3177 1 -244 128
-2572 1442 3434 -25 -74 125
-2617 1666 3241 -42 -129 115
-2581 1670 3229 -50 -55 66
-2416 1769 3170 -36 -185 78
-2511 1670 3305 -52 -89 93
-2414 1650 3300 -59 -142 91
-2368 1627 3406 -64 -191 81
-2384 1600 3273 -62 -109 49
-2530 1616 3244 -56 56 9
-2604 1605 3268 -57 104 -32
-2645 1629 3210 -53 52 -60
-2523 1579 3292 -69 -42 -112
-2444 1525 3380 -76 -192 -157
-2339 1593 3331 -109 -250 -134
-2309 1517 3276 -148 -93 -170
-2364 1499 3297 -151 -104 -108
-2188 1416 3309 -152 -220 -71
-2165 1408 3334 -134 -224 -8
-2265 1400 3302 -124 -138 32
-2361 1403 3281 -104 -68 51
-2527 1458 3313 -97 -8 28
-2567 1518 3388 -95 -40 -25
-2698 1536 3435 -115 19 -111
-3159 1675 3469 -195 22 -221
-3329 1541 3468 -285 51 -435
-3423 1523 3639 -414 159 -650
-3579 1342 3501 -523 122 -947
-3385 952 3441 -592 144 -1229
-3795 948 3561 -670 375 -1414
-4600 1031 3930 -778 248 -1623
-3808 997 4224 -817 -418 -1765
-2688 558 4599 -807 -706 -1838
-3382 307 4659 -931 -357 -1915
-2877 -81 4571 -976 -808 -2068
-1983 -410 4489 -865 -1579 -2204
-1480 -605 4305 -836 -1930 -2290
-1064 -911 4122 -836 -2099 -2249
-831 -1181 3970 -797 -2245 -2132
-215 -1400 3783 -771 -2523 -1982
-636 -1440 3367 -698 -2388 -1757
-866 -1140 3250 -674 -2209 -1562
-464 -1201 3046 -523 -2502 -1438
299 -1222 2825 -316 -2435 -1319
457 -1055 2864 -113 -1978 -1088
227 -970 2815 170 -1493 -856
