-487 416 4490 -64 -87 61
-556 414 4488 -68 -48 60
-547 418 4476 -70 -73 50
-534 407 4484 -73 -107 65
-543 410 4488 -69 -116 65
-480 413 4490 -69 -134 56
-451 422 4486 -70 -122 63
-542 381 4489 -73 -93 76
-585 441 4497 -55 -126 93
-484 423 4471 -53 -188 97
-410 420 4501 -59 -219 70
-379 488 4513 -73 -179 78
-407 376 4506 -108 -125 57
-360 359 4503 -92 -85 41
-327 412 4504 -51 -18 43
-435 425 4496 -50 80 39
-554 411 4484 -62 100 49
-526 399 4473 -67 40 55
-466 434 4490 -52 -5 52
-480 452 4502 -67 5 58
-498 413 4479 -68 10 62
-521 399 4484 -65 0 60
-521 422 4479 -64 -22 61
-499 421 4489 -67 -41 76
-514 416 4470 -69 -38 47
-529 411 4469 -71 -45 53
-511 411 4485 -69 -64 62
-474 420 4475 -66 -76 65
-473 411 4468 -67 -52 66
-572 415 4473 -67 -35 63
-544 416 4461 -65 -79 68
-478 420 4482 -63 -118 57
-462 420 4465 -68 -109 55
-492 421 4471 -70 -89 62
-481 419 4462 -69 -99 73
-472 426 4488 -67 -97 55
-467 421 4471 -71 -90 65
-492 412 4483 -66 -82 50
-497 422 4480 -64 -101 64
-446 423 4486 -66 -115 69
-414 427 4474 -67 -100 53
-455 415 4484 -70 -74 64
-449 409 4491 -70 -76 72
-412 426 4481 -66 -62 64
-425 431 4479 -71 -31 62
-548 425 4468 -73 -8 78
-487 420 4484 -67 -62 31
-436 425 4476 -69 -92 62
-407 407 4499 -68 -84 76
-488 421 4475 -71 -55 88
-473 436 4478 -67 -68 49
-423 418 4489 -71 -91 63
-417 422 4482 -66 -61 53
-464 405 4482 -72 -50 77
-458 413 4475 -72 -52 71
-441 423 4494 -70 -62 57
-420 429 4486 -67 -54 57
-440 415 4490 -73 -48 61
-456 415 4459 -74 -45 57
-449 423 4486 -74 -54 62
-448 410 4466 -70 -50 65
-453 425 4492 -70 -48 52
-472 425 4467 -69 -51 61
-457 421 4490 -70 -58 63
-452 419 4474 -72 -66 59
-438 420 4489 -69 -69 64
-428 422 4474 -71 -52 53
-460 425 4479 -69 -34 57
-375 471 4423 -74 -50 64
-460 365 4513 -104 -195 124
-1013 344 4372 -87 -190 101
-143 447 4527 -26 -313 52
237 497 4442 -35 -61 57
-761 373 4532 -101 211 81
-419 426 4517 -73 -244 64
-226 422 4469 -64 -239 53
-221 412 4483 -66 -162 73
-468 419 4524 -63 -27 67
-455 429 4471 -59 -67 65
-306 433 4468 -53 -106 60
-327 446 4513 -58 -82 56
-366 435 4498 -68 -39 64
-407 424 4493 -69 -24 71
-284 429 4498 -59 -28 67
-201 441 4511 -65 52 67
-388 439 4482 -77 176 103
-530 428 4461 -88 221 108
-503 432 4488 -83 177 106
-535 434 4475 -78 98 99
-530 415 4472 -73 48 103
-393 440 4484 -67 31 103
-569 431 4454 -64 71 97
-721 408 4454 -60 18 93
-662 432 4435 -42 -131 74
-357 451 4486 -33 -242 50
-396 464 4465 -41 -188 53
-455 455 4469 -50 -158 57
-321 448 4514 -61 -151 54
-548 442 4470 -64 -118 58
-499 440 4464 -61 -135 55
-378 453 4459 -63 -158 41
-400 454 4516 -77 -142 40
-448 452 4499 -70 -134 43
-476 445 4511 -67 -156 47
-342 435 4505 -60 -169 51
-280 452 4469 -75 -124 59
-536 501 4490 -63 -99 78
-279 442 4476 -77 -153 66
-293 453 4518 -78 -114 73
-370 456 4510 -80 -28 89
-535 431 4459 -79 28 100
-423 454 4457 -78 -30 81
-415 418 4523 -98 -68 67
-283 457 4462 -104 -105 66
-353 459 4533 -93 -110 66
-405 411 4508 -74 -122 53
-259 415 4536 -68 -127 44
-312 488 4514 -47 -25 59
-41 447 4513 -69 77 77
-177 408 4533 -82 208 106
-479 476 4414 -57 359 134
-735 439 4438 -84 296 138
-728 486 4464 -85 132 119
-555 437 4465 -99 -31 78
-429 453 4454 -85 -94 48
-413 434 4489 -90 -48 57
-488 450 4494 -99 9 70
-589 443 4458 -91 18 66
