708 449 4590 -74 -60 66
713 438 4586 -77 -60 59
712 454 4576 -77 -60 61
722 455 4564 -74 -57 63
726 443 4569 -74 -60 62
716 442 4581 -73 -51 64
726 450 4569 -78 -55 64
727 469 4581 -77 -53 61
721 463 4567 -75 -52 61
704 445 4593 -76 -51 60
708 442 4577 -78 -57 64
697 461 4584 -77 -52 61
718 457 4556 -78 -59 66
696 450 4580 -77 -52 57
719 445 4565 -77 -56 64
710 462 4581 -78 -52 62
698 466 4573 -76 -55 60
700 451 4577 -77 -59 69
705 442 4581 -76 -70 70
702 449 4565 -79 -62 61
720 449 4551 -80 -69 63
721 452 4574 -79 -70 61
699 448 4571 -81 -69 61
718 462 4567 -75 -70 57
712 454 4559 -81 -69 65
698 457 4583 -78 -67 66
719 440 4568 -82 -73 65
725 454 4575 -79 -72 62
732 455 4559 -79 -71 64
739 456 4568 -80 -58 56
718 455 4554 -81 -47 58
763 450 4539 -84 -42 58
786 459 4546 -88 -29 50
763 435 4575 -85 -2 43
686 438 4559 -86 24 46
647 513 4580 -81 57 57
672 446 4548 -94 47 50
721 446 4569 -97 53 47
711 466 4566 -93 113 51
677 486 4558 -93 136 53
594 486 4569 -100 180 41
599 429 4556 -97 153 25
634 407 4540 -103 126 8
558 435 4529 -103 158 11
450 423 4629 -116 113 10
507 414 4595 -119 35 -11
690 422 4567 -134 59 -47
602 414 4556 -136 227 -32
478 380 4550 -127 372 10
353 428 4583 -117 449 38
442 406 4468 -105 518 14
546 366 4520 -67 674 -6
385 341 4487 -38 941 17
233 372 4580 -26 1123 52
66 414 4655 7 1346 86
-229 461 4586 16 1529 144
-833 563 4575 -31 1411 134
-547 453 4632 -36 1116 45
-595 484 4653 -61 1091 -32
-658 426 4620 -100 973 -12
-967 180 4772 -191 885 98
-1303 275 4875 -325 973 397
-1524 480 4482 -593 1196 781
-1804 402 4876 -853 1545 987
-2745 666 4853 -671 1638 1019
-2079 434 4744 -565 626 686
-2082 753 4814 -177 204 559
-2724 643 4754 112 253 363
-1597 554 4414 332 -492 79
-1126 290 4249 431 -290 -58
-1544 318 4108 616 334 -1
-1722 231 4008 613 352 16
-1541 285 3772 628 110 1
-1380 387 3542 618 197 -7
-240 -2399 3889 437 272 618
-2761 3254 3065 1836 809 737
-1128 833 3624 871 -289 -852
-899 1236 3732 117 33 -171
-1467 1322 4014 454 461 91
-1739 1773 3879 485 -23 -47
-1102 1064 3724 577 -619 -176
-1224 1076 3643 15 -394 -87
-577 1109 3757 -125 195 348
-2241 1105 3760 154 1055 722
-1910 1304 3863 -247 433 194
-1484 1087 3995 -731 270 121
-1542 1104 3881 -455 493 317
-1507 1120 3824 -113 491 402
-1896 1581 3849 -268 627 503
-1622 1007 3974 -325 546 323
-1591 948 4037 -77 279 312
-1683 337 4075 325 -23 401
-1328 1093 4029 537 -301 466
-1835 1274 4026 385 -366 722
-2036 1617 3957 319 -359 674
-1838 1337 4039 -44 -609 338
-1511 1139 4337 -255 -708 515
-926 1123 4243 -250 -631 580
-763 1143 4116 -14 -364 582
-2157 1499 4007 -173 112 416
-1582 1484 3897 -304 -6 366
-1292 1367 3910 -395 -182 345
-1416 1332 3921 -552 -59 197
-1364 1213 3861 -404 -128 165
-1049 1277 3759 -281 -99 127
656 8956 1638 -724 506 -632
-2191 -9275 5363 -5697 5444 -1690
-5112 3004 3852 104 2961 1
-1420 -244 3699 -472 -994 143
-1906 816 3147 -498 -160 -65
-2446 570 3564 -264 200 82
-1805 663 3722 -261 -294 27
-1638 773 3536 -255 5 117
-1654 887 3395 -309 503 231
-1669 1054 3034 -305 877 450
-1717 1259 2738 -304 1224 786
-1876 1424 2695 -297 1463 1129
-1774 1562 2697 -324 1705 1490
-1911 1653 2464 -387 2107 1820
-2100 1599 2086 -487 2232 2116
-2108 1597 1862 -470 2104 2426
-2575 1762 2061 -401 2132 2681
-3418 1931 2094 -401 2110 2797
-2920 1779 1855 -373 1480 2828
-2349 1811 1808 -255 1261 2856
-3575 2190 2271 -153 1551 2856
-4168 2348 2429 -172 1549 2630
-3772 2226 2193 -243 1231 2329
