-1213 3573 1262 -201 523 837
-1259 3331 1530 -162 520 920
-1198 3455 1425 -166 586 957
-1464 3873 1460 -124 738 941
-1471 4131 1542 -86 657 845
-1470 4302 1543 -49 521 716
-1613 4659 1689 10 417 551
-1499 4662 1784 31 240 384
-1421 4503 1645 21 242 122
-1645 5253 1441 83 263 -148
-1775 5852 1312 151 7 -320
-1631 6063 1404 211 -390 -419
-1291 5293 1478 205 -515 -533
-1344 4266 1490 224 -513 -732
-1380 3489 1323 271 -727 -1061
-1427 3487 1226 353 -1190 -1296
-1244 4242 1073 359 -1724 -1422
-1167 4787 988 296 -1898 -1335
-1159 5137 950 233 -1868 -1109
-1252 5276 1079 178 -1715 -840
-1307 5271 1169 136 -1617 -661
-1119 5047 1230 69 -1676 -612
-753 4576 1049 -84 -1454 -784
-733 4162 867 -159 -947 -1104
-805 4198 978 -126 -838 -1398
-847 4368 1067 -155 -864 -1699
-714 4305 1016 -230 -885 -1826
-744 4151 1067 -249 -759 -1832
-765 4096 1161 -256 -636 -1725
-820 3913 1179 -283 -596 -1529
-738 3615 1102 -314 -584 -1295
-782 3445 1114 -285 -508 -1005
-687 3411 1279 -253 -539 -697
-743 3512 1301 -219 -482 -326
-712 3496 1218 -195 -383 93
-716 3490 1221 -108 -196 434
-1039 3376 1496 23 -1 803
-1140 3623 1773 122 -255 1143
-988 4538 1625 163 -559 1477
-977 5411 1481 155 -474 1918
-818 6131 1346 169 -167 2266
-520 5964 1303 196 572 2444
-813 5256 1750 248 1520 2313
-1155 4162 2172 222 1684 2004
-1319 3468 2016 146 1185 1598
-1496 3668 1713 121 453 1303
-1153 4450 1632 71 -409 1115
-840 5296 1593 -38 -637 1032
-512 5504 1259 -231 -179 952
-531 5379 1065 -381 834 741
-840 4781 1365 -385 1635 427
-900 3999 1583 -372 1722 119
-1015 3524 1557 -319 1510 -147
-1159 3436 1522 -259 1183 -311
-1088 3504 1419 -215 685 -373
-896 3465 1368 -189 390 -325
-876 3402 1392 -150 331 -207
-784 3320 1507 -119 351 -57
-834 3263 1540 -87 492 98
-1073 3393 1612 -10 573 295
-1149 3569 1749 75 399 467
-1153 3759 1843 123 190 628
-1137 3965 1934 149 19 730
-1138 4029 1960 155 -115 744
-1079 4019 1922 128 -200 680
-955 4053 1817 82 -171 534
-1005 4642 1684 44 30 375
-1142 5128 1453 -12 235 217
-1263 5910 1247 -7 404 108
-1457 6371 1275 52 497 61
-1526 6004 1466 67 419 -42
-1435 4863 1385 39 296 -257
-1256 3872 1191 28 98 -685
-1085 3772 1193 98 -240 -1165
-902 4463 1097 91 -515 -1506
-1062 5249 1042 10 -530 -1648
-1001 5587 974 -79 -538 -1653
-839 5401 985 -189 -360 -1619
-740 5154 972 -305 -21 -1591
-737 4929 993 -379 248 -1591
-784 4718 1012 -420 406 -1621
-743 4538 980 -470 450 -1668
-675 4494 941 -523 472 -1696
-661 4361 894 -608 530 -1675
-699 4285 899 -668 571 -1585
-750 4240 918 -713 540 -1403
-688 4150 919 -771 461 -1124
-705 4061 955 -821 467 -784
-740 4020 951 -878 489 -431
-711 4027 918 -946 501 -2
-728 4100 901 -1004 552 461
-771 4177 895 -1077 633 869
-761 4215 886 -1166 707 1288
-769 4380 829 -1247 825 1618
-828 4697 738 -1337 1005 1974
-774 4947 639 -1424 1228 2299
-756 5158 487 -1529 1566 2554
-746 5062 315 -1630 2062 2721
-829 5191 170 -1669 2534 2787
-930 5295 68 -1693 3011 2829
-1067 5460 -14 -1663 3387 2846
-1294 5377 82 -1587 3591 2842
-1377 5173 214 -1528 3563 2754
-1458 4989 297 -1451 3309 2608
-1588 4885 564 -1340 2821 2474
-1416 4614 712 -1259 2100 2292
-1230 4677 662 -1224 1758 2091
-1051 5047 410 -1226 1759 1855
-940 5490 305 -1177 2053 1617
-812 5132 413 -1137 2532 1384
-998 4574 616 -1092 3177 1078
-1233 3990 839 -1015 3454 787
-1427 3566 917 -923 3234 565
-1376 3423 888 -830 2786 445
-1180 3498 898 -756 2330 397
-1152 3620 965 -692 2185 396
-1075 3691 1089 -625 2165 432
-1125 3697 1203 -572 2297 503
-1279 3716 1362 -487 2365 596
-1366 3730 1524 -386 2260 728
-1433 3744 1615 -295 2085 872
-1484 3786 1689 -193 1877 990
-1502 3873 1819 -97 1622 1084
-1453 3953 1890 -35 1449 1101
-1497 4040 1862 11 1319 1064
-1503 4188 1790 55 1160 973
-1477 4597 1796 93 1038 851
-1479 4817 1738 93 977 698
