-1113 3695 1664 -112 324 845
-1035 3834 1771 -95 375 831
-1179 3975 1806 -88 501 774
-1234 4100 1855 -73 473 712
-1247 4260 1828 -68 384 615
-1207 4309 1763 -67 320 512
-1214 4308 1726 -74 303 403
-1199 4197 1654 -68 256 272
-1158 4102 1459 -60 208 108
-1021 4782 1167 8 190 -16
-1149 5411 980 130 144 -8
-1474 6060 1262 217 15 65
-1571 5570 1468 228 5 125
-1349 4440 1588 291 223 8
-1327 3634 1656 332 302 -261
-1361 3271 1353 318 -85 -582
-1382 3703 1005 339 -618 -830
-1535 4627 896 373 -1089 -958
-1407 5511 928 366 -1514 -939
-1139 5651 840 291 -1554 -891
-1075 5357 796 219 -1253 -901
-1135 4946 859 198 -981 -1016
-946 4525 903 163 -901 -1219
-918 4276 896 138 -780 -1496
-959 4221 872 122 -757 -1736
-890 4283 832 102 -875 -1882
-856 4362 772 73 -963 -1935
-854 4374 781 55 -1028 -1885
-717 4174 877 13 -1075 -1761
-728 3932 919 -39 -989 -1570
-680 3760 951 -80 -930 -1366
-660 3603 1025 -103 -851 -1101
-682 3618 1082 -120 -753 -836
-719 3873 1094 -133 -678 -441
-846 4234 1121 -138 -594 47
-798 4215 1290 -135 -510 432
-735 4146 1405 -129 -355 736
-873 4755 1355 -115 -224 1004
-851 5831 1123 -96 -130 1318
-997 6469 1106 26 84 1808
-981 5896 1595 103 349 2204
-936 4384 2092 102 617 2324
-1110 3017 2170 -9 728 2025
-1248 2967 1954 -45 402 1628
-977 3713 1630 -85 -239 1234
-809 4817 1305 -154 -518 909
-621 5580 1123 -240 -347 682
-550 5545 1168 -303 208 503
-730 4826 1308 -338 809 328
-890 4007 1624 -277 1086 147
-957 3452 1701 -238 993 12
-1132 3251 1608 -199 811 -57
-1021 3356 1481 -153 460 -55
-877 3439 1379 -129 215 33
-868 3417 1336 -101 195 141
-762 3486 1454 -49 245 284
-871 3590 1564 -18 420 394
-1028 3708 1636 25 488 482
-1044 3936 1663 80 386 544
-1064 4118 1682 111 300 569
-992 4226 1660 117 238 541
-983 4257 1654 103 284 467
-1026 4147 1546 71 341 357
-1043 3913 1463 62 296 173
-1015 4033 1345 85 215 5
-1149 4723 1237 132 152 -91
-1208 5289 1040 172 63 -49
-1351 6061 1093 270 34 74
-1332 5948 1438 308 -30 215
-988 5227 1669 231 -56 172
-999 4092 1486 72 264 -74
-959 3672 1175 -10 402 -507
-1057 4448 905 12 219 -779
-1236 5274 1002 29 -134 -876
-1159 5510 1068 -2 -481 -833
-1013 5312 1159 -60 -483 -778
-863 4870 1295 -123 -272 -800
-654 4531 1288 -191 -62 -888
-819 4370 1183 -263 257 -1029
-940 4354 1095 -318 370 -1154
-925 4312 975 -389 280 -1272
-769 4281 924 -436 158 -1339
-649 4265 923 -513 163 -1351
-698 4255 938 -559 291 -1274
-754 4159 995 -586 367 -1137
-721 3971 1001 -636 392 -944
-729 3907 911 -686 434 -711
-682 3876 854 -742 464 -445
-677 3854 885 -802 515 -84
-665 3908 878 -882 620 276
-695 4126 860 -981 807 689
-695 4283 843 -1084 1050 1082
-693 4335 822 -1193 1287 1373
-726 4422 732 -1298 1560 1596
-813 5433 379 -1355 1784 1786
-844 6284 74 -1367 2089 2047
-846 5894 -6 -1358 2557 2365
-992 5023 171 -1269 3045 2532
-1234 4420 526 -1166 3411 2486
-1396 4182 851 -1097 3205 2309
-1537 4247 969 -997 2543 2147
-1598 4627 977 -899 1541 1980
-1059 4948 730 -890 866 1736
-662 5122 550 -896 779 1378
-490 5211 502 -897 1211 1024
-558 5149 722 -878 1728 745
-613 4812 908 -911 2290 419
-787 4336 915 -945 2705 78
-892 3943 929 -922 2730 -181
-984 3754 1067 -852 2444 -380
-877 3705 1149 -810 2075 -437
-823 3695 1133 -803 1804 -394
-754 3721 1097 -816 1689 -237
-737 3716 1040 -826 1752 -43
-788 3762 1037 -797 1950 231
-931 3714 1150 -726 2084 566
-1020 3683 1275 -630 2065 861
-1121 3780 1364 -510 1972 1157
-1182 4016 1423 -370 1786 1399
-1219 4299 1514 -240 1535 1564
-1205 4480 1602 -132 1274 1669
-1175 4601 1621 -75 1088 1653
-1120 4597 1604 -38 984 1546
-1106 4532 1597 9 912 1323
-1041 4525 1532 51 838 1059
-1169 4471 1435 79 787 856
-1233 4361 1352 84 661 643
-1264 4270 1318 84 536 498
