-1356 4561 1013 558 -825 -273
-1264 4288 878 580 -995 -162
-1186 4123 627 595 -1013 -299
-1156 4125 527 630 -1088 -544
-1219 4361 422 653 -1256 -757
-1265 4934 371 688 -1382 -899
-1203 5326 410 701 -1383 -954
-1309 5363 508 725 -1398 -881
-1482 5198 612 735 -1370 -795
-1656 4995 599 704 -1509 -762
-1446 4981 528 688 -1945 -780
-1169 4742 559 661 -2157 -869
-1070 4474 690 631 -2149 -1044
-999 4166 744 583 -2160 -1273
-843 4173 746 524 -2131 -1480
-812 4527 815 477 -1996 -1575
-769 4431 760 363 -1827 -1530
-794 4186 712 259 -1519 -1368
-854 4077 721 220 -1182 -1156
-979 4058 810 202 -956 -907
-1012 4101 984 186 -880 -575
-1032 3931 1042 134 -844 -279
-1040 4023 931 85 -734 -32
-1309 4197 915 -12 -730 181
-1759 4154 931 -68 -1309 358
-1303 3958 1051 197 -2228 506
-873 3920 1196 345 -2614 566
-695 4009 1349 461 -2389 553
-831 4214 1557 518 -2047 539
-1077 4146 1758 508 -1876 569
-869 4398 1723 446 -1943 601
-557 4895 1722 365 -1707 668
-342 5296 1757 259 -994 778
-505 5191 1941 197 -22 952
-807 4719 2150 158 777 1091
-1152 3971 2339 171 999 1088
-1387 3383 2427 199 618 970
-1251 3291 2370 235 -158 803
-960 3775 2313 259 -1014 697
-571 4216 2241 166 -1289 707
-374 4485 2157 -6 -1001 803
-306 4642 2040 -184 -339 855
-402 4641 1833 -358 502 807
-633 4770 1710 -465 1136 654
-840 4445 1656 -482 1380 468
-926 4117 1577 -428 1334 220
-1135 3926 1549 -285 1058 -52
-1177 3459 1602 -75 312 -240
-965 3156 1516 80 -446 -398
-702 3218 1518 176 -857 -563
-513 3203 1737 161 -948 -656
-48 3306 1990 3 -803 -708
157 3223 2208 -178 -180 -743
226 2909 2046 -372 676 -815
-55 2756 1535 -482 1690 -902
-306 2884 1316 -422 2239 -914
-647 3104 1157 -243 2486 -776
-1145 3531 1136 72 2425 -341
-1403 3912 1386 424 2078 407
-1931 5496 2498 765 1540 1481
-2418 6176 3129 735 715 2400
-1348 5318 2283 276 86 2638
-903 4696 1323 -17 420 2140
-970 4888 888 -40 935 1350
-1225 5893 989 138 803 893
-1633 6064 1031 199 297 744
-1828 5564 951 211 -33 554
-1778 4637 992 259 -114 184
-1655 3860 907 310 -211 -257
-1388 3712 756 396 -519 -683
-1464 4075 628 475 -739 -1044
-1846 4714 518 484 -796 -1304
-1845 5213 440 455 -1030 -1509
-1539 5336 375 388 -1174 -1578
-1571 5201 343 309 -879 -1649
-1646 4870 484 289 -624 -1738
-1489 4622 722 294 -657 -1851
-1331 4290 703 231 -667 -1970
-1294 4088 628 172 -569 -2071
-1277 4014 620 154 -514 -2099
-1281 4027 714 160 -597 -2025
-1245 3957 865 123 -780 -1863
-1104 3802 836 39 -973 -1619
-978 3636 820 -55 -921 -1378
-900 3475 842 -100 -585 -1146
-865 3397 991 -116 40 -932
-1074 3445 1007 -118 551 -715
-1344 3600 900 -179 817 -440
-1534 3766 786 -259 830 -57
-1658 3916 738 -345 682 308
-1807 3954 802 -398 404 619
-1768 4324 951 -379 -159 967
-1769 5131 993 -367 -679 1378
-1659 5740 961 -392 -1117 1906
-1519 5810 1118 -415 -1315 2476
-1339 4740 1431 -402 -1244 2757
-1214 3712 1591 -348 -1144 2707
-1128 3161 1634 -276 -1123 2393
-839 3275 1466 -213 -1229 2027
-621 4226 1263 -220 -1190 1765
-613 5156 1043 -341 -750 1602
-1276 4951 873 115 -1063 -797
-1241 4714 832 12 -771 -653
-1071 4464 773 -43 -612 -737
-1077 4462 810 -37 -612 -952
-954 4623 812 -59 -649 -1232
-1033 4696 666 -121 -574 -1528
-1077 4850 687 -120 -505 -1848
-888 4892 771 -112 -571 -2070
-925 4743 791 -131 -537 -2231
-921 4474 844 -142 -500 -2341
-965 4343 925 -137 -541 -2363
-928 4266 940 -156 -704 -2260
-878 4208 873 -202 -831 -2029
-921 4135 1003 -210 -844 -1701
-898 3962 1205 -210 -825 -1254
-888 3618 1366 -206 -777 -826
-896 3606 1505 -144 -779 -397
-937 4328 1567 -69 -873 92
-916 5107 1487 -23 -943 629
-886 5284 1635 75 -842 1284
-815 4499 2019 164 -547 1787
-852 3642 2462 231 -355 1977
-1017 3104 2589 209 -506 1938
-857 3345 2282 133 -865 1830
-646 4184 1788 9 -1033 1717
-595 5052 1453 -99 -776 1650
-452 5620 1443 -171 -251 1583
