-648 3743 1444 -150 -218 686
-788 4095 1504 -70 -137 1170
-696 4674 1349 -1 -59 1665
-876 5408 1391 103 178 2200
-810 5514 1568 146 504 2737
-762 4912 1680 75 1094 2963
-1028 4021 1695 -49 1671 2792
-1215 3826 1583 -134 1684 2349
-1017 4216 1076 -207 1266 1898
-1162 5150 895 -202 853 1622
-1139 5611 1029 -185 593 1362
-1032 5470 1176 -208 678 1149
-1054 4829 1327 -191 936 949
-1062 4148 1553 -143 1026 791
-1116 3703 1662 -120 1002 698
-1038 3615 1639 -101 916 665
-1818 3629 1823 -136 866 658
-905 3687 1734 -172 304 736
-1014 3863 1725 -125 389 894
-1236 3687 1817 -140 532 971
-1099 3627 1809 -114 304 1030
-1161 3703 1738 -78 301 1033
-1259 3826 1700 -55 211 1031
-1265 3898 1650 -40 100 1029
-1263 3973 1624 -34 86 968
-1186 3917 1472 -62 129 859
-1258 3916 1284 -92 295 655
-1361 4323 1174 -97 437 407
-1399 4705 1019 -112 494 101
-1462 5530 846 -106 569 -216
-1715 6359 876 -68 559 -457
-1595 6311 916 -70 351 -695
-1346 5563 792 -83 323 -1037
-1137 4693 835 -34 501 -1477
-1002 4326 903 50 534 -1985
-1102 4680 941 108 462 -2356
-1477 5184 1055 128 172 -2631
-852 5618 835 104 -852 -2622
-395 5662 943 79 -1061 -2540
-841 5264 1162 -25 -153 -2412
-927 4758 1176 -117 123 -2234
-755 4367 1112 -199 61 -2089
-768 4174 1082 -264 0 -1980
-584 4109 1028 -326 -141 -1821
-579 4160 1039 -383 -150 -1606
-548 4121 1051 -469 -91 -1272
-605 3980 1054 -538 48 -870
-667 3846 1056 -581 159 -495
-654 3781 1001 -612 192 -83
-682 3866 925 -637 179 341
-705 4120 891 -660 170 791
-681 4402 871 -707 226 1225
-630 4583 844 -801 434 1699
-575 4656 751 -914 756 2077
-634 4696 659 -1042 1226 2412
-733 4593 578 -1179 1640 2659
-825 5135 437 -1264 1943 2833
-963 5633 299 -1346 2231 3045
-955 5834 157 -1416 2481 3185
-1029 5579 27 -1501 2931 3159
-1023 5253 -9 -1534 3372 2909
-1070 5243 120 -1489 3582 2587
-1068 5087 205 -1439 3619 2201
-1223 4664 378 -1373 3509 1785
-1216 4577 322 -1315 3180 1396
-1103 4951 17 -1249 2775 1017
-998 5194 -154 -1159 2525 808
-843 4953 -43 -1024 2460 751
-773 4379 278 -933 2738 751
-951 3765 381 -887 3065 758
-1115 3536 571 -790 3108 770
-1160 3453 706 -705 2725 799
-993 3486 706 -660 2339 859
-982 3654 639 -611 2176 937
-1015 3847 720 -528 2152 1055
-1148 4127 1128 -375 2162 1196
-1139 4036 1316 -283 2090 1348
-1234 4075 1283 -163 2071 1463
-1455 4310 1530 67 1896 1562
-1465 4589 1785 237 1498 1631
-1633 4648 1892 385 1121 1717
-1679 4842 1883 481 685 1807
-1678 5443 2014 534 242 1920
-1905 4791 1940 432 -57 1904
-1839 4232 1655 337 -460 1642
-1847 4324 1406 289 -883 1217
-1531 4602 1198 180 -1340 784
-1420 4935 967 48 -1506 275
-1558 5344 725 -64 -1353 -215
-1479 5650 657 -104 -1370 -597
-1338 5663 831 -141 -1434 -899
-1209 5387 904 -231 -1283 -1178
-1199 4912 809 -352 -962 -1462
-1029 4655 673 -421 -707 -1811
-1068 4578 580 -467 -519 -2131
-781 4759 599 -524 -393 -2412
-956 4695 529 -598 -125 -2607
-896 4706 502 -594 -16 -2698
-881 4882 688 -575 61 -2678
-919 4933 655 -586 134 -2561
-882 4895 616 -605 234 -2407
-930 4790 702 -537 383 -2251
-883 4740 869 -472 341 -2082
-850 4631 857 -437 262 -1928
-874 4539 938 -361 177 -1749
-861 4425 1140 -266 33 -1569
-854 4189 1299 -195 -133 -1393
-851 3961 1493 -114 -372 -1197
-791 3735 1618 -74 -648 -977
-717 3556 1694 -58 -924 -753
-594 3456 1736 -67 -1098 -488
-454 3367 1731 -99 -1110 -197
-334 3335 1613 -133 -899 174
-400 3514 1462 -108 -491 625
-528 3923 1912 -62 -157 1081
-359 4180 1664 -235 143 1581
-653 4841 1259 -350 669 2098
-761 5628 969 -346 1154 2599
-988 6679 855 -229 1623 3160
-1527 6656 1152 -115 1986 3605
-1631 5569 2109 -47 1803 3820
-1680 4415 2327 -189 1260 3689
-1769 3691 2041 -311 332 3399
-1654 3555 1648 -306 -564 3060
-1295 4248 1303 -282 -1118 2618
-1034 5128 1155 -278 -1113 2189
-953 5719 1250 -288 -710 1851
-1116 5501 1433 -346 -46 1468
