-1329 3547 1235 -144 -656 29
-1261 3669 1225 -75 -921 89
-1167 3619 1289 7 -969 43
-998 3683 1369 70 -849 -63
-1017 3848 1458 154 -767 -120
-1178 3995 1579 243 -817 -165
-1214 4127 1614 321 -975 -227
-1152 4119 1510 360 -1076 -325
-1036 4134 1426 398 -1259 -419
-1038 4066 1366 443 -1289 -551
-979 3902 1265 456 -1236 -735
-991 3916 1145 517 -1198 -914
-920 4576 898 593 -1184 -1058
-1005 5666 738 608 -1085 -1045
-1409 6800 843 749 -935 -827
-1461 6492 875 769 -1116 -548
-1221 5662 780 753 -1415 -442
-1332 4617 741 796 -1534 -596
-1288 3767 769 841 -1937 -970
-1166 3551 644 901 -2457 -1347
-925 4145 645 921 -2990 -1664
-1066 4878 628 870 -3124 -1762
-1305 5505 676 797 -3026 -1616
-1268 5509 549 657 -2881 -1261
-1262 5201 393 551 -2714 -922
-1149 4670 311 439 -2632 -690
-863 4269 181 327 -2588 -653
-683 4084 94 207 -2361 -737
-553 4029 71 121 -2143 -790
-563 4080 124 73 -2022 -785
-686 4186 242 26 -1846 -721
-696 4350 294 -3 -1643 -555
-765 4476 327 -22 -1401 -322
-937 4498 423 -3 -1094 -51
-975 4471 543 12 -927 177
-976 4635 414 24 -815 343
-1078 4936 488 66 -722 492
-1052 4965 630 136 -710 593
-971 5273 554 186 -615 629
-1115 5368 696 310 -370 647
-1161 4488 1448 488 -408 542
-1244 3846 2135 564 -671 302
-1237 3642 2078 511 -1136 -11
-1164 3505 1897 492 -1685 -297
-1015 3415 1725 435 -1993 -514
-796 3662 1519 350 -2074 -687
-567 4148 1284 291 -1968 -699
-631 4698 1357 317 -1698 -504
-846 4906 1704 316 -1466 -203
-957 4607 1967 290 -1391 25
-960 4117 2120 276 -1353 114
-895 3795 2076 240 -1380 32
-850 3651 1908 223 -1507 -68
-831 3730 1702 221 -1670 -157
-874 3892 1495 222 -1727 -204
-900 4038 1394 227 -1682 -200
-948 4215 1297 267 -1631 -125
-1066 4387 1229 350 -1647 6
-1170 4455 1211 483 -1753 191
-1302 4333 1198 595 -1863 390
-1444 4133 1108 701 -2064 525
-1626 3938 1057 784 -2498 592
-1665 3880 963 829 -3097 578
-1555 3894 822 817 -3775 451
-1313 3955 642 742 -4157 227
-951 3992 539 635 -4221 -30
-639 3995 502 491 -3865 -381
-561 4083 557 384 -3172 -746
-539 4242 549 265 -2374 -1048
-731 4592 462 195 -1581 -1323
-815 5699 199 201 -873 -1464
-888 6719 -394 197 312 -1508
-1296 5873 -694 233 1742 -1500
-2361 4973 -638 437 2311 -1528
-2459 4486 -445 748 1266 -1661
-1939 4340 -535 973 -212 -1841
-1682 4459 -623 1198 -1375 -2067
-1465 5142 -523 1383 -2121 -2261
-1378 6026 -451 1390 -2250 -2411
-1495 6675 -508 1292 -2068 -2448
-1505 6560 -609 1134 -1972 -2377
-1283 6037 -591 1033 -1907 -2324
-1027 5287 -335 992 -1715 -2349
-887 4703 31 964 -1555 -2415
-825 4188 204 891 -1506 -2441
-797 3755 85 801 -1418 -2416
-853 3566 85 783 -1360 -2260
-901 3434 231 786 -1433 -1982
-901 3204 280 715 -1615 -1515
-910 2961 300 641 -1744 -924
-924 2763 374 612 -1812 -368
-866 2741 486 613 -1884 252
-790 2864 578 625 -1899 847
-772 3102 703 652 -1899 1362
-793 3410 837 674 -1830 1883
-775 3858 946 673 -1661 2320
-779 4387 1097 663 -1354 2768
-782 4818 1216 611 -982 3127
-885 5344 1266 565 -650 3418
-961 6499 1169 484 -264 3706
-985 7464 794 401 91 3892
-980 7591 755 352 714 3843
-1146 6509 1193 306 1492 3480
-1133 5040 1735 225 1804 2942
-1309 4128 1897 79 1720 2288
-1563 3749 1697 -29 1155 1744
-1510 3970 1355 -108 464 1370
-1367 4542 959 -192 18 1018
-1224 5427 916 -206 -6 755
-1011 5520 1000 -269 272 549
-930 5034 1264 -312 788 275
-1057 4362 1496 -291 1141 -29
-1184 3829 1685 -235 1129 -375
-1360 3567 1842 -157 725 -656
-1238 3491 1766 -104 182 -833
-1097 3580 1621 -110 -247 -960
-946 3670 1504 -141 -465 -1025
-716 3668 1391 -186 -486 -1031
-711 3716 1449 -187 -264 -1002
-724 3638 1573 -190 -89 -972
-744 3569 1624 -190 -1 -963
-783 3687 1645 -157 -15 -969
-812 3874 1583 -121 -104 -954
-776 4055 1570 -87 -205 -906
-705 4139 1486 -65 -243 -846
-687 4203 1394 -37 -196 -751
-750 4193 1299 21 -124 -644
-781 4145 1184 105 -98 -487
