-1356 5826 728 285 -1822 -2015
-1249 6189 942 236 -1965 -2091
-1142 6268 1121 120 -1985 -2135
-910 5977 1118 -59 -1892 -2220
-734 5598 1093 -222 -1522 -2418
-740 5298 1074 -365 -1139 -2701
-544 5176 941 -522 -968 -2980
-520 5198 762 -627 -707 -3242
-510 5177 835 -662 -521 -3400
-486 4969 852 -682 -447 -3439
-577 4616 909 -682 -425 -3359
-595 4220 1016 -677 -461 -3177
-631 3860 978 -667 -495 -2934
-635 3552 907 -615 -580 -2558
-547 3378 876 -543 -658 -2107
-441 3210 790 -474 -630 -1555
-413 3039 768 -380 -440 -842
-520 2921 893 -261 -202 -166
-676 3238 933 -120 5 530
-803 4024 948 41 145 1413
-789 4802 964 227 247 2304
-931 5227 1088 397 517 3329
-959 4846 1434 507 826 4034
-1009 4318 1840 557 1057 4405
-1195 3759 1973 496 1040 4368
-1379 4022 1819 461 643 4128
-1185 4962 1446 439 -106 3707
-1036 6399 1047 425 -655 3263
-792 7064 783 382 -813 2755
-637 6569 866 364 -445 2137
-696 5582 1093 323 145 1592
-559 4795 1613 317 533 1100
-425 4199 1515 149 1100 739
-767 3856 1240 -13 1797 452
-1012 3679 1026 -85 2120 269
-1076 3661 784 -126 2039 223
-1081 3564 717 -142 1862 269
-1053 3486 817 -131 1643 397
-986 3436 960 -131 1586 537
-1064 3485 1051 -123 1651 677
-1103 3692 1054 -112 1724 830
-1173 3997 1005 -81 1744 964
-1267 4319 1121 -35 1679 1077
-1142 4336 1129 -38 1628 1090
-1244 4473 1121 -33 1734 992
-1391 5219 1082 1 1746 840
-1549 6195 1026 28 1594 687
-1686 6734 1178 57 1355 530
-1518 5964 1459 24 1122 294
-1280 4425 1418 -75 1115 -123
-1213 3628 1234 -132 1188 -732
-1219 4058 1024 -62 875 -1259
-1189 4988 915 -20 421 -1602
-1165 5967 1011 0 121 -1781
-1108 5800 1170 -50 -48 -1827
-1066 5241 1413 -145 -45 -1847
-775 4848 1574 -276 -82 -1888
-650 4942 1535 -410 38 -1969
-691 4879 1346 -583 283 -2112
-657 4895 1072 -774 338 -2213
-577 4956 908 -915 273 -2245
-662 5063 941 -1031 268 -2173
-685 5248 1137 -1177 205 -1994
-605 5200 1225 -1367 199 -1769
-619 4941 1310 -1598 293 -1586
-538 4994 1271 -1824 317 -1404
-285 4907 1185 -2063 290 -1264
-234 4837 966 -2323 486 -1104
-164 4974 643 -2521 789 -855
-226 5098 527 -2628 1176 -491
-237 4668 487 -2744 1649 30
-324 3955 468 -2844 2223 535
-419 3658 231 -2873 2792 950
-648 3952 -11 -2743 3216 1368
-1062 4221 -22 -2435 3357 1996
-1316 4003 335 -2082 3103 2680
-1387 3660 838 -1665 2659 3267
-1553 3535 1295 -1369 2090 3812
-1415 3733 1125 -1202 1232 4227
-1191 4267 781 -1051 461 4649
-913 4892 292 -995 340 4946
-656 5638 -46 -904 747 5099
-888 6105 -97 -812 1666 5058
-1118 6050 -114 -797 2451 4706
-1243 6107 66 -689 3085 4191
-1379 6196 346 -600 3475 3508
-1304 6112 421 -539 3718 2868
-1437 5593 317 -463 4085 2179
-1840 4912 441 -349 4076 1660
-1913 4333 637 -245 3471 1332
-1742 3843 557 -215 2707 1067
-1781 3561 458 -155 2222 885
-1698 3601 593 -18 1776 706
-1424 3747 749 93 1520 552
-1381 3922 968 171 1557 443
-1540 3939 1100 283 1669 374
-1844 4403 1255 419 1549 357
-2127 5002 1664 603 1053 413
-1973 4575 1558 564 344 396
-1867 4823 1286 581 -30 221
-1634 5606 1027 592 -314 -44
-1604 5973 1047 602 -465 -306
-1057 6168 1291 568 -326 -611
-1665 5940 1276 471 252 -1018
-1536 5594 1617 454 69 -1354
-1535 4949 1687 373 -263 -1671
-1558 4421 1694 196 -626 -2089
-527 4297 1444 112 -1533 -2320
-293 4507 1542 -78 -1123 -2619
-640 4595 1411 -393 -20 -2913
-1004 4778 1206 -524 374 -3041
-1202 5055 1089 -584 249 -3045
-934 5162 1081 -648 -141 -2934
-799 5171 1149 -728 -280 -2711
-664 4946 1132 -821 -228 -2462
-610 4549 1250 -860 -22 -2175
-597 4103 1336 -879 199 -1953
-598 3834 1197 -896 375 -1731
-728 3681 1116 -846 398 -1488
-715 3527 1171 -790 220 -1224
-691 3413 1074 -755 19 -894
-691 3444 883 -687 -84 -504
-733 3526 814 -539 -147 -87
-747 3625 868 -338 -257 452
-873 3750 918 -156 -331 980
-935 4108 884 46 -430 1618
-1002 4812 818 254 -481 2374
-1124 5651 766 446 -472 3153
