-1244 3423 1332 -257 375 -444
-1109 3303 1280 -231 351 -411
-1362 3411 1232 -140 371 -399
-1434 3834 1286 -11 91 -402
-1377 4560 1193 70 -232 -421
-1369 4961 1159 135 -380 -454
-1295 4968 1187 195 -438 -484
-1307 5182 1157 266 -400 -565
-1491 5808 1132 334 -385 -621
-1714 6209 1103 342 -512 -660
-1793 5996 1140 341 -826 -759
-1472 5231 1223 297 -1121 -990
-1172 4506 987 202 -1169 -1425
-1199 4781 701 156 -1017 -1910
-1264 5571 673 194 -1182 -2201
-1116 6326 837 197 -1507 -2351
-944 6335 853 94 -1455 -2377
-1020 5827 811 -38 -1167 -2352
-970 5207 878 -95 -977 -2335
-889 4662 874 -135 -895 -2358
-915 4388 867 -180 -934 -2387
-757 4226 788 -250 -1086 -2405
-680 4146 657 -320 -1086 -2403
-574 4064 578 -371 -1010 -2350
-535 3972 604 -394 -846 -2245
-552 3793 687 -404 -693 -2085
-562 3571 700 -411 -581 -1846
-579 3360 609 -410 -452 -1571
-634 3192 559 -357 -315 -1193
-646 3170 588 -263 -258 -737
-679 3356 722 -178 -209 -262
-773 3479 826 -80 -166 294
-814 3501 1049 42 -195 862
-819 4237 1066 146 -238 1489
-933 5352 882 254 -215 2207
-1203 6117 1197 500 -164 3104
-1189 5352 2079 674 -179 3808
-1066 4360 2660 695 -191 4167
-1054 4023 2645 596 -107 4104
-1022 5193 2157 534 -156 3935
-884 6753 1843 466 -373 3735
-798 7045 1885 385 -382 3475
-1101 6137 2181 253 11 3111
-1383 4723 2284 91 373 2537
-1488 3979 2461 47 215 1979
-1050 3915 2559 21 -235 1436
-1001 3988 2126 -137 -94 1010
-1467 4164 1723 -213 191 776
-1456 4320 1582 -210 73 620
-1560 4001 1423 -197 2 496
-1722 3680 1259 -80 -229 397
-1795 3544 1282 128 -806 267
-1719 3579 1414 293 -1476 124
-1375 3745 1677 409 -2131 -35
-932 3614 1263 331 -2086 -201
-1480 3765 1119 361 -1721 -293
-1407 3939 1152 415 -1851 -361
-1301 4003 827 324 -1887 -460
-1440 4382 463 252 -1639 -560
-1748 5074 372 243 -1584 -632
-1669 5335 325 187 -1773 -741
-1774 5454 -156 54 -1888 -954
-1798 5862 -950 -85 -1691 -1267
-1735 6115 -1241 -80 -1766 -1578
-953 5864 -1380 -123 -1681 -2032
-1019 5956 -1129 22 -1201 -2479
-1231 6112 -714 261 -788 -2809
-1257 6269 -444 488 -802 -3124
-1405 6191 -491 624 -742 -3365
-1368 6165 -667 790 -782 -3536
-1421 6017 -775 907 -1042 -3527
-1231 5841 -713 952 -1305 -3456
-1094 5401 -725 890 -1401 -3350
-1022 4962 -671 817 -1385 -3157
-970 4623 -496 796 -1422 -2903
-945 4323 -356 727 -1493 -2553
-870 4024 -379 629 -1524 -2220
-813 3759 -450 544 -1486 -1844
-752 3471 -420 515 -1429 -1468
-745 3322 -314 529 -1406 -1150
-773 3239 -209 558 -1436 -805
-788 3239 -133 578 -1562 -453
-793 3258 -120 578 -1712 -63
-769 3310 -72 602 -1854 333
-765 3570 172 641 -1911 800
-806 3968 464 681 -1895 1217
-896 4235 928 720 -1890 1679
-838 4185 1197 656 -1879 2089
-589 4312 1196 629 -1672 2391
-309 5302 773 713 -943 2747
-411 5933 770 888 -20 3242
-607 5356 1751 1028 779 3701
-1008 5089 2336 1057 1211 4059
-1435 5284 2258 977 1363 4210
-1535 6046 2066 923 1046 4203
-1451 6844 1979 938 538 3999
-1364 7151 2227 966 223 3607
-1033 6216 2355 922 183 2911
-1269 4829 2258 876 390 2113
-1584 4016 2514 922 -47 1398
-781 3662 2251 808 -729 678
-897 3648 1926 586 -326 127
-1328 3586 1840 471 252 -234
-1122 3787 2242 396 286 -364
-763 3543 1931 82 689 -366
-1249 3551 1554 -93 1395 -276
-1572 3616 1359 -148 1540 -199
-1571 3656 1363 -151 1200 -199
-1408 3813 1428 -113 796 -276
-1260 4062 1334 -121 655 -416
-1405 4497 1207 -70 666 -587
-1332 5057 1193 1 521 -752
-1181 5273 1217 60 560 -914
-1086 4916 1116 92 823 -1115
-1486 4793 1296 224 921 -1274
-1676 5445 1283 320 555 -1387
-1990 6596 1454 326 -51 -1362
-1728 7269 1769 196 -638 -1258
-1157 6881 1277 -188 -658 -1370
-1170 6532 1046 -324 -109 -1734
-901 6283 1310 -266 -16 -2256
-854 5733 1695 -233 -113 -2717
-938 5400 2015 -240 -306 -3150
-911 5203 1933 -340 -458 -3439
-1055 5353 1705 -465 -534 -3640
-1067 5623 1553 -595 -881 -3671
-834 5553 1515 -792 -1234 -3544
-594 5101 1290 -1101 -1410 -3312
