-853 4985 845 251 -743 972
-749 5524 941 323 -596 1276
-739 5858 874 382 -284 1549
-933 5487 1218 557 128 1895
-1096 4361 2062 685 253 2147
-1284 3183 2568 710 48 2142
-1329 3267 2666 709 -465 2013
-1315 4011 2507 663 -1055 1855
-1054 4705 2268 482 -1532 1682
-514 4878 1913 246 -1680 1468
-302 4749 1633 78 -1136 1236
-212 4605 1498 -22 -310 971
-688 4583 1903 -50 414 726
-1028 4026 2069 -207 572 471
-774 3825 2179 -134 315 368
-1332 3582 2294 -166 547 229
-1496 3407 2250 -193 185 161
-1297 3408 2058 -173 -417 151
-1174 3302 1939 -157 -640 170
-1232 3183 1888 -148 -704 195
-1253 3260 1681 -140 -775 223
-1302 3485 1439 -124 -794 251
-1466 3969 1279 -89 -821 274
-1563 4370 1145 -43 -944 269
-1602 4669 1047 25 -1170 215
-1547 4713 950 67 -1334 38
-1414 5689 513 126 -1264 -206
-1649 7418 297 251 -987 -449
-1805 7004 532 285 -842 -715
-1730 5542 636 312 -870 -1127
-1452 4658 666 399 -1072 -1795
-1273 4760 419 491 -1544 -2393
-1228 5466 105 540 -2009 -2773
-1174 6246 -71 548 -2240 -2995
-973 6264 -71 510 -2282 -3014
-760 5324 230 456 -2036 -2930
-739 4567 485 423 -1630 -2820
-806 3964 546 387 -1297 -2715
-861 3688 477 395 -1297 -2572
-819 3612 385 401 -1481 -2355
-746 3613 325 368 -1619 -2083
-657 3569 293 304 -1641 -1800
-517 3429 265 223 -1480 -1450
-535 3196 344 211 -1171 -1087
-613 2963 515 253 -853 -677
-732 2955 618 335 -689 -256
-854 3319 665 398 -664 160
-1004 4012 788 452 -733 646
-1073 4457 861 501 -921 1221
-1020 4792 973 557 -1028 1686
-946 4924 1259 617 -1037 2051
-1007 5059 1627 681 -1043 2334
-885 5479 1768 701 -1066 2468
-780 5996 1697 729 -896 2527
-859 6022 1818 793 -556 2538
-989 4870 2267 842 -366 2446
-956 3458 2513 766 -354 2123
-1071 3710 2308 665 -392 1748
-1285 4406 1993 569 -655 1489
-1329 4791 1582 427 -1024 1303
-1319 4998 1420 333 -1329 1141
-1204 4929 1420 237 -1397 996
-1134 4723 1688 176 -1349 862
-832 4439 1794 124 -1242 729
-951 4241 1694 -19 -749 563
-1255 4179 1668 -39 -233 411
-1364 4179 1525 -64 -22 248
-1480 4157 1357 -86 82 92
-1609 4058 1058 -95 124 -50
-1791 4050 917 -63 -31 -205
-1749 3969 754 -28 -350 -342
-1628 3864 498 21 -671 -469
-1549 3805 358 88 -817 -596
-1583 3858 379 187 -921 -703
-1586 3924 246 244 -1054 -809
-1600 4138 -285 275 -1149 -872
-1607 4367 -562 402 -1396 -883
-1615 4809 -151 568 -1807 -946
-1071 5704 -103 595 -2103 -1122
-1372 6642 -129 590 -1795 -1391
-1512 6744 -132 563 -1455 -1626
-1450 5683 -19 567 -1332 -1872
-1411 4974 28 590 -1269 -2177
-1207 4956 -10 651 -1458 -2481
-1067 5413 -113 644 -1636 -2590
-1009 5877 -4 632 -1633 -2521
-991 5930 158 581 -1339 -2384
-1089 5379 250 513 -880 -2239
-1335 4772 566 565 -809 -2100
-1434 4353 1002 551 -1694 -1951
-436 3696 593 260 -2276 -1898
-648 3281 287 119 -1643 -1867
-776 3314 566 192 -1099 -1703
-419 3209 694 173 -898 -1478
-640 3230 600 118 -269 -1224
-914 3301 660 196 60 -902
-1051 3450 950 289 -72 -609
-927 3438 955 326 -348 -284
-906 3385 938 387 -496 24
-859 3424 966 430 -585 295
-856 3580 1007 457 -618 584
-846 3851 1063 454 -576 874
-893 4116 1150 441 -493 1140
-945 4277 1232 416 -419 1405
-908 5009 1178 385 -387 1601
-853 6148 928 342 -225 1852
-900 7049 760 301 103 2170
-1004 7335 1102 316 450 2527
-1010 6350 1549 140 890 2822
-1195 5396 1523 -43 1214 2935
-1467 5024 1631 -241 1332 2857
-1352 5304 1396 -502 1219 2532
-967 5441 1128 -742 1325 2031
-959 5239 960 -932 1657 1324
-932 4765 762 -1049 1597 603
-992 4332 801 -1048 1248 104
-730 4105 1113 -1012 794 -245
-363 4060 1101 -1084 874 -475
-452 3910 892 -1229 1543 -636
-638 3780 652 -1243 1953 -670
-580 3621 612 -1205 1955 -638
-548 3259 571 -1170 1934 -567
-602 2910 596 -1101 1849 -432
-661 2660 725 -996 1716 -246
-770 2681 911 -853 1563 30
-863 2957 1031 -726 1464 300
-916 3460 907 -603 1445 660
-1021 4142 784 -440 1621 1044
