-1256 4527 81 101 1620 -3272
-1705 5034 509 526 1219 -2961
-2362 6350 1074 731 194 -2208
-2725 5888 1511 625 -1194 -1202
-1984 4529 1423 420 -2304 -582
-1403 4067 1367 295 -2343 -656
-802 4383 1249 101 -2272 -973
-338 4707 1117 -65 -2283 -1260
153 4365 1310 -129 -1888 -1454
-142 3857 1618 -181 -956 -1544
-510 3507 1646 -244 -152 -1542
-601 3251 1583 -238 -24 -1438
-657 3088 1550 -185 -72 -1257
-683 3178 1470 -100 -181 -918
-713 3283 1411 -13 -313 -391
-660 3126 1510 86 -357 249
-733 3221 1609 208 -240 876
-732 4000 1504 282 -9 1642
-839 5251 1149 353 255 2425
-1000 6356 1181 450 610 3314
-1120 6060 1588 477 1006 3949
-1122 5105 1932 376 1379 4010
-1077 4031 2056 224 1644 3624
-1320 3903 1945 114 1465 2969
-1102 4317 1315 -7 758 2222
-856 5689 822 -13 298 1514
-680 6403 828 -27 220 759
-688 6148 917 -86 407 193
-761 5127 1076 -158 759 -134
-863 4302 1373 -158 1047 -377
-898 3714 1392 -212 1254 -535
-954 3440 1294 -235 1436 -654
-1074 3494 1204 -199 1352 -654
-927 3499 1059 -193 1026 -565
-839 3311 927 -202 771 -400
-828 3218 1076 -163 703 -224
-679 3220 1300 -106 723 -3
-704 3255 1411 -120 920 237
-776 3251 1299 -138 1137 446
-918 3441 1214 -116 1298 651
-1025 3665 1272 -63 1326 856
-1081 3875 1360 -31 1265 1062
-1095 4035 1330 -22 1277 1222
-1183 4586 1177 -12 1357 1367
-1312 5698 1040 11 1428 1482
-1592 6916 1021 30 1455 1558
-1805 6728 1244 -47 1392 1482
-1684 5175 1307 -155 1369 1121
-1412 3826 1201 -242 1513 314
-1093 4037 946 -227 1392 -574
-1042 4886 751 -165 931 -1069
-1028 5681 754 -143 522 -1416
-987 5816 755 -217 611 -1632
-1159 5333 984 -310 980 -1777
-1013 4806 1285 -394 1178 -1854
-914 4496 1199 -525 1326 -1887
-920 4349 1080 -599 1325 -1877
-824 4313 1007 -668 1137 -1840
-830 4400 908 -760 1009 -1776
-823 4542 901 -826 932 -1664
-852 4584 1000 -895 847 -1474
-796 4557 1064 -975 758 -1231
-791 4322 1063 -1093 749 -1022
-742 4026 990 -1217 694 -812
-645 3829 907 -1310 609 -677
-636 3804 859 -1398 547 -563
-637 3842 860 -1491 453 -420
-601 3976 789 -1613 375 -254
-556 4158 696 -1760 393 11
-500 4372 565 -1898 524 396
-475 4566 399 -2058 847 849
-460 5145 71 -2209 1413 1447
-440 5983 -410 -2322 2234 2097
-531 6064 -840 -2440 3555 2781
-900 5334 -1024 -2454 5033 3215
-1586 4394 -476 -2340 6026 3241
-1798 4294 204 -2196 6228 3026
-2056 4944 671 -2067 5507 2964
-2352 5429 110 -1970 3460 3155
-2140 5576 -285 -1676 991 3389
-1590 5259 -336 -1268 -319 3321
-1314 4695 173 -934 -449 3020
-993 4343 459 -717 -239 2592
-782 4272 608 -606 277 2116
-955 4481 681 -522 829 1699
-1047 4814 673 -470 1197 1381
-900 5042 626 -447 1515 1190
-1144 4900 672 -418 2087 1180
-1368 4530 1124 -362 2421 1260
-1254 4277 1075 -382 2588 1324
-1456 4183 892 -392 2836 1396
-1520 4113 882 -325 2757 1441
-1555 3999 965 -230 2517 1403
-1557 4102 1043 -102 2243 1289
-1591 4114 1066 39 2007 1140
-1515 4021 1274 225 1697 981
-1394 4081 1480 380 1437 805
-1418 4470 1508 496 1360 670
-1559 5154 1645 597 1306 588
-1649 5329 1852 627 1120 530
-1611 5136 1968 567 1011 360
-1691 4999 1955 497 1045 -18
-1686 4778 2028 457 926 -446
-1625 4656 2108 413 612 -931
-1565 4675 1992 315 310 -1365
-1711 4813 1752 199 40 -1719
-1180 5143 1638 81 -449 -2032
-1129 5413 1557 -45 -623 -2218
-859 5339 1385 -198 -502 -2381
-1004 5061 1298 -336 -92 -2570
-1024 4806 1251 -405 57 -2707
-847 4499 1214 -464 29 -2846
-824 4391 932 -521 170 -2923
-947 4400 772 -504 261 -2939
-948 4364 781 -450 145 -2849
-890 4211 759 -417 -49 -2636
-858 3984 752 -376 -162 -2392
-860 3701 731 -322 -275 -2060
-782 3454 701 -254 -397 -1714
-773 3303 656 -172 -470 -1275
-789 3225 676 -71 -542 -763
-836 3401 755 23 -619 -246
-1007 3729 883 107 -735 413
-1014 3898 1047 146 -936 1074
-904 4016 1103 169 -1106 1536
-832 4444 1090 186 -1054 1932
-725 5657 1003 213 -870 2267
-565 6901 836 253 -458 2672
