-779 6262 353 -568 2136 2554
-984 5928 972 -475 2722 1936
-967 5187 1173 -450 2651 1520
-1350 4662 1173 -425 2525 1172
-1610 4664 1202 -372 1955 987
-1209 4025 1168 -395 1258 946
-1057 3774 1157 -386 981 923
-1008 3482 1304 -335 913 976
-1046 3389 1504 -284 863 1062
-1209 3371 1583 -211 861 1201
-1417 3375 1634 -138 793 1334
-1583 3439 1715 -14 595 1473
-1649 3539 1755 94 268 1561
-1666 3796 1709 174 -5 1556
-1969 4199 1610 251 -387 1446
-1893 4447 1575 295 -982 1228
-1535 4517 1310 266 -1428 806
-1591 4977 1378 290 -1420 253
-1401 5576 1391 284 -1365 -292
-1454 5909 1257 215 -1236 -830
-1506 5744 1034 126 -1177 -1296
-1473 5104 985 89 -1299 -1705
-1159 4641 1004 60 -1510 -2160
-944 4611 684 -43 -1530 -2520
-1101 5074 517 -117 -1480 -2758
-1198 5650 443 -160 -1588 -2788
-1158 6058 538 -229 -1786 -2688
-936 6184 470 -403 -1823 -2536
-882 5988 449 -520 -1530 -2391
-893 5901 634 -564 -1194 -2295
-577 5279 603 -660 -972 -2313
-443 4837 432 -724 -493 -2478
-673 4697 526 -651 -50 -2659
-830 4827 893 -518 -70 -2773
-740 4652 944 -493 -325 -2785
-769 4401 856 -479 -430 -2715
-746 4227 938 -420 -551 -2572
-710 3996 1160 -371 -706 -2331
-607 3694 1302 -375 -896 -2031
-559 3419 1417 -358 -984 -1666
-483 3366 1494 -341 -988 -1254
-452 3347 1682 -319 -944 -795
-240 3051 1564 -339 -835 -257
-116 2989 1367 -306 -435 275
-333 3218 1284 -186 88 843
-550 3446 1202 -27 442 1590
-575 4001 1263 124 701 2388
-694 4812 1225 217 1037 3186
-811 6174 987 209 1510 4092
-1025 6320 876 184 2007 4861
-1016 5517 969 113 2584 5261
-1295 4884 1187 -23 3073 5193
-1253 5058 1030 -240 2901 4950
-1533 6272 943 -300 2206 4766
-1966 7000 843 -386 1514 4535
-1829 7080 500 -477 1318 3953
-1558 6562 238 -478 1869 2914
-876 5688 553 -376 2302 1936
-519 4929 777 -316 2497 1184
-915 4324 711 -352 2899 741
-1590 4037 660 -347 3104 491
-1702 3914 656 -366 2797 316
-1572 3562 450 -414 2387 368
-1806 3291 537 -351 1978 510
-1636 3246 1129 -234 1341 733
-1240 3133 1266 -226 1082 942
-1233 3108 1409 -161 1310 1086
-1489 3218 1483 -60 1596 1105
-1734 3504 1503 48 1527 1051
-2038 3909 1543 157 1138 912
-2021 4417 1621 267 479 666
-1782 4657 1515 342 32 250
-1690 5266 1430 427 -76 -264
-1668 6086 1430 546 -183 -681
-1521 6461 1356 582 -284 -1082
-1599 6105 1409 600 -219 -1468
-1489 5003 1516 595 -305 -1816
-1261 4354 1340 569 -522 -2251
-1261 4304 1081 526 -666 -2565
-1290 4934 873 509 -921 -2791
-1370 5842 822 516 -1329 -2839
-1267 6527 849 445 -1752 -2701
-1064 6656 901 295 -1921 -2476
-918 6306 863 152 -1706 -2289
-724 5563 940 71 -1374 -2141
-634 4928 1022 26 -1071 -2136
-607 4471 1038 -23 -875 -2231
-710 4320 965 -63 -782 -2361
-622 4276 943 -91 -850 -2471
-641 4297 993 -130 -934 -2492
-536 4188 1016 -212 -1032 -2415
-468 3839 1093 -294 -1015 -2234
-393 3484 1142 -380 -898 -1945
-419 3234 1174 -417 -699 -1560
-461 2990 1265 -418 -535 -1124
-460 2949 1510 -402 -443 -514
-454 2820 1545 -443 -308 131
-514 2729 1428 -449 -87 777
-710 2756 1513 -323 153 1477
-746 2767 1702 -199 182 2076
-893 3465 1704 -70 138 2764
-959 4735 1482 63 62 3584
-981 6671 1259 198 171 4451
-1433 8216 1531 340 676 5311
-1562 7318 1920 271 1101 5650
-1826 5413 2061 109 1552 5220
-2526 4174 2544 -57 1349 4189
-2370 4352 1948 -161 51 3049
-1054 5375 1483 -93 -1411 1830
-387 5717 1433 -29 -1533 1012
-387 5588 1718 -157 -605 454
-846 4994 1904 -315 429 106
-1417 4130 1929 -422 1238 -110
-1613 3703 1914 -394 1351 -227
-1679 3390 1845 -363 1000 -213
-1846 3304 1864 -282 410 -75
-1714 3324 1778 -198 -401 101
-1466 3378 1665 -112 -955 215
-1215 3449 1621 -21 -1263 267
-1127 3471 1501 48 -1312 190
-1124 3533 1333 103 -1270 98
-1156 3620 1125 155 -1224 -5
-1235 3715 1004 230 -1126 -94
-1350 3838 899 327 -1072 -159
-1475 4054 852 424 -1138 -234
-1518 4245 795 506 -1333 -365
-1493 4414 686 558 -1569 -582
-1450 4533 490 625 -1825 -872
