-1599 4583 1257 -146 8 -494
-1618 5332 971 -300 -251 -829
-1408 5695 872 -427 -187 -1115
-1158 5756 959 -526 126 -1441
-990 5655 1051 -595 320 -1715
-868 5449 1152 -654 531 -1993
-960 5221 1170 -689 737 -2248
-1161 5095 1430 -701 699 -2436
-785 4974 1417 -768 231 -2484
-435 4854 1278 -948 216 -2535
-658 4882 1228 -1101 529 -2507
-649 4738 1228 -1246 662 -2425
-758 4665 1205 -1364 669 -2317
-620 4634 1178 -1481 582 -2125
-573 4555 1137 -1571 532 -1852
-538 4426 1096 -1614 536 -1481
-603 4203 1074 -1608 592 -1080
-651 3905 1079 -1561 648 -588
-692 3623 1148 -1486 650 -112
-716 3316 1141 -1420 584 310
-784 3085 1056 -1347 396 781
-829 3138 973 -1272 152 1239
-841 3484 820 -1187 -101 1851
-802 4379 760 -1108 -156 2639
-705 4975 722 -1075 115 3479
-470 5217 544 -1167 903 4205
-440 5236 150 -1341 2128 4576
-618 5389 -217 -1545 3584 4587
-939 5716 -279 -1628 4587 4435
-1242 5969 0 -1631 5139 4228
-1806 5938 198 -1699 5332 3807
-2014 5695 56 -1726 4839 3135
-2081 6309 279 -1432 3611 2558
-1502 6061 179 -1098 1726 2156
-1053 5438 131 -783 686 1890
-1160 4798 481 -475 448 1700
-849 4354 651 -357 408 1539
-715 4147 579 -354 720 1481
-709 4030 416 -407 1303 1505
-696 3997 215 -469 1903 1582
-767 4106 89 -524 2485 1665
-809 4154 24 -593 3140 1719
-835 4278 -83 -620 3749 1696
-925 4421 -118 -574 4419 1626
-1059 4474 -102 -511 5022 1519
-1193 4732 408 -404 5300 1445
-809 4722 305 -457 5386 1395
-915 4532 -181 -559 5960 1360
-1892 4423 109 -413 6188 1425
-2148 4435 644 -266 5125 1588
-1909 4308 884 -203 4010 1767
-2215 4352 1241 -18 3253 1938
-2311 4443 1666 103 2391 2103
-2128 4506 1704 128 1696 2166
-2113 4510 1489 106 1352 2138
-2400 4802 1498 181 989 2056
-2489 4898 1604 254 497 1846
-2158 4737 1831 283 61 1370
-1644 4257 1518 200 196 772
-1843 4161 1450 224 473 156
-1813 4240 1470 275 197 -280
-1757 4305 1075 234 -63 -609
-1944 4512 801 252 -271 -847
-2001 5016 657 309 -761 -984
-1697 5246 633 367 -1267 -1100
-1430 5383 376 332 -1326 -1244
-1503 5229 351 364 -1152 -1397
-1600 4947 506 438 -1133 -1611
-1474 5022 630 491 -1300 -1846
-1273 4990 383 426 -1225 -2124
-1505 5030 185 426 -932 -2364
-1395 5335 412 490 -870 -2597
-1296 5436 311 422 -851 -2781
-1330 5590 260 355 -661 -2907
-1453 5650 379 342 -624 -2950
-1276 5544 429 290 -897 -2905
-1171 5195 474 188 -1172 -2806
-1108 4819 705 138 -1410 -2671
-980 4443 754 57 -1673 -2532
-799 4013 737 -36 -1854 -2345
-709 3688 748 -68 -1919 -2101
-579 3425 836 -71 -1889 -1851
-497 3147 953 -72 -1745 -1510
-496 2999 1127 -79 -1587 -1135
-445 2910 1094 -113 -1400 -660
-406 3286 912 -57 -1058 -64
-626 3926 837 96 -663 670
-679 4515 1151 282 -277 1580
-867 4912 1508 440 65 2515
-987 4950 1683 493 399 3230
-998 5012 1990 579 554 3766
-661 5262 1873 524 647 3964
-610 5639 1496 372 1060 3896
-1035 5896 1606 309 1260 3653
-1083 5598 1922 247 1085 3257
-1219 4927 1965 122 984 2601
-1214 4231 1863 30 758 1858
-879 3996 1857 11 269 1269
-489 4051 1922 -79 112 808
-426 3850 1595 -305 587 534
-834 3847 1388 -425 1240 377
-983 3796 1533 -445 1474 368
-1089 3654 1599 -495 1507 431
-1073 3579 1529 -552 1545 542
-1334 3479 1452 -543 1699 665
-1400 3555 1697 -476 1571 798
-1036 3425 1570 -477 1432 901
-1130 3548 1250 -414 1772 1003
-1684 3962 1215 -277 1879 1115
-1867 4594 1044 -202 1608 1232
-2011 5404 975 -96 1342 1321
-2172 6374 1123 33 1034 1320
-2164 6611 1083 101 732 1097
-2094 6096 1207 207 615 537
-1873 4659 1427 330 500 -180
-1459 3714 1271 429 220 -1011
-1828 4127 957 525 -103 -1556
-1852 4939 826 630 -744 -1920
-1706 5714 911 678 -1352 -2103
-1402 5930 856 581 -1622 -2173
-1237 5617 929 457 -1646 -2218
-920 5062 1153 368 -1551 -2289
-757 4638 1225 227 -1282 -2387
-748 4485 1062 72 -885 -2501
-922 4522 981 4 -656 -2554
-910 4676 951 -59 -693 -2578
-863 4711 912 -128 -858 -2528
-782 4639 971 -249 -1001 -2439
