-1638 3871 1626 -42 996 953
-1587 3950 1607 35 746 581
-1648 3920 1562 97 552 302
-1812 3951 1553 212 263 47
-1769 3900 1414 320 -147 -155
-1866 3995 1270 494 -633 -324
-1826 4559 1337 694 -1271 -483
-1469 5249 1436 758 -1771 -618
-975 5184 1168 586 -1675 -820
-1085 4933 1012 441 -1079 -1083
-1176 4636 939 349 -612 -1351
-1325 4689 841 312 -584 -1641
-1422 5085 775 322 -816 -1865
-1386 5609 725 352 -1250 -2036
-1159 6015 815 358 -1626 -2140
-807 5910 768 248 -1689 -2216
-759 5331 717 105 -1356 -2306
-894 4959 770 94 -1058 -2369
-919 4816 722 64 -947 -2379
-981 4791 727 30 -992 -2293
-918 4643 727 -34 -1102 -2132
-789 4411 783 -160 -1092 -1911
-566 4070 680 -324 -872 -1692
-586 3853 662 -397 -449 -1500
-678 3671 733 -414 -29 -1263
-792 3605 740 -407 181 -987
-853 3531 664 -398 290 -703
-906 3458 604 -350 340 -361
-967 3450 704 -268 327 -13
-985 3488 775 -192 257 381
-1026 3595 812 -130 217 760
-1074 3805 945 -77 149 1099
-1056 4033 947 -106 41 1445
-994 4246 957 -133 35 1752
-906 4331 907 -152 152 1972
-900 4407 942 -126 382 2131
-1008 4483 951 -86 634 2198
-1192 4769 1009 -51 684 2203
-1357 5036 1079 -23 466 2191
-1310 4995 1051 -46 113 2135
-1252 5241 1020 -53 -141 2050
-1113 5978 903 -89 -273 1971
-1013 6377 896 -124 -181 1941
-723 6272 995 -179 191 1915
-634 5453 1143 -302 987 1812
-639 4582 1188 -459 1762 1634
-743 3759 852 -717 2487 1363
-940 3833 703 -837 2913 1103
-975 4595 618 -883 2995 968
-967 4858 425 -1055 3182 878
-1066 4598 396 -1083 3473 820
-1071 4092 430 -1042 3673 688
-1145 3641 457 -948 3710 524
-1271 3516 482 -808 3476 401
-1419 3557 377 -662 3057 372
-1480 3686 485 -461 2445 452
-1356 3838 617 -264 1788 613
-1179 3899 840 -139 1431 761
-1157 3806 979 -43 1345 880
-1211 3719 1119 33 1366 916
-1301 3611 1435 137 1330 906
-1062 3650 1577 224 1259 857
-1024 3791 1775 279 1489 790
-1260 3970 1846 297 1934 734
-1698 4327 1929 333 2017 743
-1931 4664 1853 322 1631 777
-1903 5148 1739 332 1112 806
-1916 5568 1679 348 802 769
-1925 6106 1652 367 553 631
-1959 6206 1617 357 387 371
-2019 5975 1674 347 305 30
-1809 4811 1624 289 236 -501
-1712 3790 1480 260 163 -1160
-1911 3778 1206 285 -181 -1698
-1809 4550 885 307 -906 -2129
-1643 5661 849 274 -1617 -2363
-1230 6200 851 151 -2131 -2472
-821 6270 823 -75 -2137 -2524
-790 5990 930 -226 -1690 -2552
-659 5427 1048 -352 -1289 -2594
-582 4995 986 -458 -808 -2688
-639 4707 848 -529 -363 -2794
-783 4378 822 -546 -216 -2856
-705 4282 762 -558 -318 -2886
-677 4270 855 -559 -446 -2849
-642 4081 888 -582 -544 -2743
-559 3790 885 -610 -639 -2543
-551 3470 824 -601 -595 -2307
-557 3154 839 -551 -556 -1942
-583 2937 870 -477 -572 -1427
-614 2908 891 -401 -565 -797
-702 2934 942 -290 -492 59
-705 2949 987 -182 -370 990
-756 3082 879 -40 -93 1795
-978 3780 646 168 176 2781
-1133 4750 563 445 276 3790
-1351 6057 1326 848 378 4888
-1660 5966 2103 829 478 5517
-2158 6370 2199 642 231 5542
-2325 6994 2146 439 -601 5158
-2415 6544 1791 297 -1688 4326
-990 5142 1413 228 -2563 3143
712 4656 1590 295 -1735 1633
618 4200 1662 -35 48 625
487 3956 1158 -344 1407 -14
12 3840 821 -508 2718 -346
-1111 3787 756 -538 3790 -409
-1931 3681 1018 -495 3949 -267
-2480 3426 1355 -510 3353 -7
-2353 3156 1422 -520 2241 302
-1927 2889 1579 -458 1186 667
-1550 2699 1783 -341 512 956
-1127 2801 1695 -283 153 1153
-1122 3184 1481 -203 163 1327
-1345 4005 1348 -58 229 1499
-1497 4938 1236 20 240 1683
-1745 5369 1173 63 325 1758
-2119 5293 1267 125 311 1627
-1984 5232 1364 207 126 1258
-2405 5796 1579 312 151 650
-2466 5866 1495 355 -94 -29
-2049 5507 1578 445 -587 -878
-1695 5352 1345 391 -875 -1669
-1744 5428 1009 324 -1123 -2185
-1664 5898 885 279 -1501 -2601
-1716 6183 916 202 -1912 -2836
-761 6153 1113 96 -2304 -2850
-1067 5598 1167 -197 -1824 -2858
