-1318 3302 1227 615 -3085 2298
-439 2977 1088 888 -3565 1866
301 2836 890 985 -2937 1407
685 2993 1070 1023 -1803 1133
619 3471 1286 946 -479 999
481 4077 1365 656 692 929
177 4296 1311 374 1610 843
-63 4231 1440 144 2335 689
-170 4052 1763 41 2732 444
-134 3819 1984 -62 2889 187
-211 3761 1927 -147 2954 -93
-288 3984 1641 -190 2945 -285
-574 4407 1581 -95 2764 -369
-834 4709 1916 -39 2184 -396
-392 4467 2039 -83 1613 -433
-295 4359 2258 -46 1344 -507
-1109 4114 2188 -99 1271 -705
-111 4022 2337 -109 513 -824
-634 4384 2156 -197 602 -1008
-853 5203 1932 -260 637 -1166
-968 6343 2037 -303 554 -1289
-851 6351 2029 -480 708 -1392
-491 5231 1898 -666 1059 -1617
-848 4552 1943 -730 1813 -2068
-1170 5010 1645 -742 1909 -2499
-1466 5406 1524 -717 1556 -2674
-1541 5640 1652 -669 1201 -2636
-1507 5457 1799 -688 799 -2423
-1325 4690 1728 -799 588 -2217
-1386 4086 1707 -828 429 -2038
-1282 3847 1752 -860 180 -1942
-1171 3816 1615 -942 -5 -1885
-953 3636 1365 -1058 -68 -1785
-820 3498 1210 -1112 63 -1662
-780 3410 1181 -1108 239 -1481
-762 3269 1089 -1104 425 -1196
-761 3097 971 -1075 597 -881
-812 2988 880 -1001 772 -465
-920 2999 847 -911 877 17
-996 3090 886 -835 846 496
-1003 3279 1025 -783 765 1047
-898 3398 840 -831 736 1584
-864 3611 643 -888 860 2059
-932 4085 604 -858 1083 2606
-952 4741 587 -815 1305 3119
-1139 5477 519 -767 1616 3704
-1285 6384 469 -705 1869 4246
-1624 7787 657 -639 2017 4650
-1523 7981 352 -735 2129 4868
-1558 7259 485 -709 2413 4751
-1432 5591 905 -677 2745 4336
-1236 4283 965 -752 3121 3564
-1628 3936 954 -794 3299 2789
-1604 4317 797 -758 2695 2071
-1319 5088 500 -760 2131 1507
-1307 5446 229 -806 2260 1026
-1599 5368 249 -740 2527 545
-1522 4614 408 -685 2513 137
-1499 3808 643 -570 2239 -114
-1516 3146 995 -450 1848 -270
-1512 2998 1150 -375 1548 -388
-1448 2951 960 -314 1328 -496
-1477 3104 989 -152 1049 -516
-1277 3317 1124 -1 625 -407
-1390 3560 1331 57 450 -244
-1409 3527 1562 141 323 -90
-1356 3497 1665 209 229 -48
-1364 3695 1749 315 79 -56
-1504 4086 2083 437 -289 -37
-1268 4125 2119 461 -654 -23
-1072 4234 1881 413 -643 -48
-1299 4423 1774 476 -360 -49
-1324 4591 1648 539 -359 -7
-1360 5015 1596 614 -323 83
-1736 5201 1493 683 -262 230
-2018 5464 1464 731 -657 366
-2007 4844 1496 687 -1291 403
-1733 4279 1378 603 -1824 224
-1734 4299 1145 516 -2264 -117
-1605 5024 1011 413 -2732 -469
-1436 5787 939 268 -3014 -762
-1194 6282 806 30 -2847 -1163
-1032 6125 831 -154 -2388 -1671
-500 5763 995 -256 -1997 -2113
-428 5505 1153 -382 -1411 -2619
-612 5195 1133 -454 -870 -3024
-883 5050 980 -510 -471 -3430
-881 4952 811 -514 -549 -3691
-749 4865 899 -481 -763 -3766
-648 4669 981 -510 -941 -3686
-519 4315 929 -597 -1019 -3482
-482 3799 878 -650 -846 -3194
-583 3310 952 -603 -620 -2763
-566 2845 1017 -545 -570 -2314
-620 2520 1083 -427 -572 -1708
-770 2381 1196 -287 -663 -1009
-814 2623 1335 -117 -877 -327
-874 3066 1465 28 -1069 485
-729 3563 1556 128 -1138 1262
-645 4581 1453 249 -994 1961
-629 5573 1325 418 -604 2845
-551 6159 1406 615 -70 3593
-656 5746 1933 806 727 4136
-817 4378 2378 726 1372 4088
-929 3729 2084 508 1684 3522
-1164 4276 1964 487 1216 2964
-872 5016 1750 412 179 2644
-270 5565 1438 218 -219 2314
-100 5647 1011 -40 729 1953
-747 5286 969 -249 2130 1692
-1011 4497 1099 -354 2747 1418
-875 3968 917 -430 2946 1148
-1290 3790 914 -450 3246 923
-1764 3805 1168 -402 2967 806
-1671 3746 1115 -437 2379 762
-1673 3782 959 -422 1887 781
-1758 3878 1114 -315 1367 907
-1525 3961 1331 -240 817 1023
-1486 3873 1384 -212 777 1076
-1696 3989 1447 -177 866 1035
-1710 4371 1570 -115 702 946
-1657 4691 1442 -146 570 821
-1923 4657 1374 -127 582 669
-1898 4306 1628 -20 424 395
-1656 4552 1756 86 357 70
-1978 5138 1715 123 488 -98
-2360 5770 1553 125 406 -188
-2414 5274 1676 153 23 -255
