-1030 4850 2226 855 -1897 2857
-870 5599 1913 779 -2243 2497
-582 5475 1844 686 -2142 2152
-918 5003 2013 587 -1536 1740
-1122 4385 2287 498 -1409 1307
-757 4021 2543 396 -1629 922
-544 3861 2370 239 -1397 577
-943 3920 2326 155 -939 350
-1130 3988 2244 100 -843 194
-1108 3968 2082 50 -916 59
-1179 3939 1890 44 -965 -52
-1262 3883 1716 81 -1118 -134
-1347 3780 1511 159 -1378 -214
-1466 3689 1312 287 -1825 -302
-1475 3707 1157 456 -2396 -366
-1397 3901 1174 588 -3042 -409
-1294 4360 1281 637 -3646 -434
-1091 4713 1199 562 -3916 -476
-952 4739 866 430 -3772 -524
-783 5026 301 259 -3013 -538
-997 6042 210 163 -1835 -389
-1849 4607 -49 -103 -690 -200
-2455 3619 -756 -374 -24 -407
-2883 3535 -1126 -377 -171 -1010
-1932 4882 -1281 -263 -1330 -1602
-1208 6383 -1706 -301 -1867 -2097
-1650 7443 -2061 -335 -1614 -2340
-1657 7188 -1945 -186 -1705 -2449
-878 6613 -836 224 -1700 -2696
-1078 5826 -280 523 -727 -3169
-1244 5272 -315 822 -540 -3499
-1205 5104 -503 1129 -1099 -3616
-1383 5179 -709 1301 -1852 -3520
-1461 5291 -907 1360 -2617 -3270
-1445 5221 -943 1311 -3278 -2917
-1209 4954 -788 1186 -3733 -2452
-843 4493 -510 997 -3798 -2009
-548 3924 -245 828 -3523 -1580
-458 3511 -79 668 -3019 -1158
-463 3319 -15 569 -2548 -814
-530 3355 -27 514 -2058 -469
-633 3476 -70 471 -1576 -112
-667 3652 -22 443 -1119 283
-756 3926 133 451 -798 622
-915 4231 361 476 -617 922
-1029 4445 703 538 -650 1179
-976 4936 799 580 -812 1344
-703 5399 650 562 -744 1448
-619 4920 781 588 -376 1474
-929 4558 1410 787 -88 1475
-1069 4559 1755 905 -223 1465
-1072 4810 1895 996 -490 1499
-1355 5078 2093 1108 -755 1586
-1428 5335 2281 1180 -1240 1647
-1024 4987 2368 1116 -1629 1563
-641 4426 2237 1036 -1579 1372
-818 4178 2516 922 -1160 1118
-1132 3997 2220 804 -1208 931
44 4170 2014 704 -1167 783
-994 4195 1883 583 -209 685
-1385 4219 1998 513 -324 631
-1225 4179 2060 408 -992 585
-990 4094 2002 277 -1323 530
-806 3965 1869 130 -1353 477
-827 3969 1843 8 -1166 423
-593 4026 1909 -147 -918 327
-795 3933 1569 -399 -408 141
-957 3984 1297 -522 -184 -45
-812 4158 1163 -557 -194 -210
-814 4397 1019 -574 11 -351
-846 4558 868 -553 245 -427
-881 4628 722 -480 529 -470
-956 4596 623 -355 874 -491
-1138 4957 719 -200 1136 -458
-1499 5105 773 -20 1203 -309
-1798 5532 810 114 955 -98
-2052 5150 926 233 416 71
-1865 4476 1018 281 -514 51
-1711 4329 1029 290 -1228 -205
-1538 4784 853 205 -1736 -627
-1472 5606 632 84 -2115 -1097
-817 6050 777 6 -2487 -1486
-122 6042 772 -196 -2248 -1920
-92 5883 945 -352 -1070 -2377
-580 5528 1176 -457 55 -2755
-707 5154 1381 -490 495 -3116
-748 4877 1309 -533 522 -3345
-887 4665 1113 -512 397 -3466
-1064 4539 1221 -421 -8 -3425
-779 4269 1273 -410 -541 -3273
-713 3917 1267 -422 -866 -3008
-632 3478 1282 -440 -1016 -2666
-492 3033 1304 -431 -1096 -2317
-360 2700 1284 -420 -1043 -1878
-321 2512 1226 -382 -914 -1378
-390 2475 1227 -311 -747 -707
-484 2668 1342 -216 -591 62
-606 2996 1321 -161 -385 778
-712 3327 1317 -104 -126 1576
-696 3586 1270 -47 26 2364
-734 4685 1141 36 282 3224
-817 6601 928 143 623 4079
-961 7520 948 235 1240 4926
-1199 6453 1213 202 1993 5282
-1430 5533 1530 125 2616 5059
-1698 5523 1865 34 2528 4397
-2028 5876 1904 -50 1334 3785
-1390 5695 1213 -137 -277 2998
-745 5389 749 -57 -472 1983
-849 4761 657 -32 -7 1176
-607 4304 782 -51 114 591
-379 4022 773 -115 495 275
-734 3999 768 -182 1334 131
-1214 3921 842 -165 1825 150
-1319 3774 1019 -158 1900 242
-1343 3520 1037 -176 1919 398
-1470 3377 1195 -131 1712 599
-1316 3401 1350 -68 1286 772
-1267 3572 1476 -13 921 908
-1327 3793 1517 22 719 964
-1322 4057 1718 80 462 945
-1227 4251 1883 111 258 866
-1190 4501 1900 97 199 757
-1235 4784 1841 54 230 635
-1138 4855 1700 11 277 455
-1112 4873 1549 -31 451 237
-1279 5127 1571 -11 614 14
-1432 5259 1476 0 610 -132
