-966 3500 1691 201 -260 1625
-962 4192 1640 226 -570 2215
-910 5165 1468 237 -670 2737
-873 6231 1393 295 -531 3228
-783 6065 1585 304 -161 3668
-676 4866 1699 219 346 3774
-699 3953 1669 144 952 3574
-1066 4022 1669 130 1339 3327
-1367 4794 1661 93 1049 3073
-1391 5462 1519 31 521 2746
-1421 5870 1252 -70 277 2365
-1362 5844 1073 -110 231 1921
-1093 5192 1007 -113 255 1457
-967 4617 1096 -75 428 974
-1027 4144 1282 -16 539 636
-989 3977 1428 11 547 385
-871 3848 1292 -77 681 217
-1056 3744 1181 -142 984 140
-1183 3715 1195 -152 1064 163
-1168 3718 1188 -190 1012 255
-1306 3803 1292 -182 977 398
-1389 3882 1432 -163 824 527
-1470 3924 1674 -119 602 593
-1387 3989 1806 -72 245 578
-1324 4088 1812 -66 -52 459
-1200 4218 1777 -67 -271 269
-983 4222 1583 -126 -338 27
-998 4223 1387 -147 -220 -187
-1067 4256 1277 -124 -166 -350
-1127 4323 1140 -68 -162 -419
-1354 4657 996 46 -183 -383
-1555 4975 977 186 -358 -225
-1627 5171 1015 318 -594 -33
-1839 5090 1300 412 -854 133
-1586 4652 1254 348 -1233 163
-1531 4165 1056 253 -1300 -9
-1547 4271 611 190 -1178 -448
-1618 5178 591 227 -1290 -911
-1585 6421 672 232 -1649 -1323
-1101 6707 584 98 -1861 -1823
-1024 6531 668 21 -1455 -2319
-898 6424 992 -8 -1122 -2779
-596 6219 1241 -95 -915 -3238
-661 6001 1209 -194 -484 -3631
-878 5894 1126 -239 -199 -3933
-828 5826 1028 -266 -356 -4101
-721 5613 999 -317 -556 -4114
-864 5448 1158 -371 -709 -3987
-687 5137 1277 -520 -909 -3753
-697 4748 1313 -686 -969 -3374
-591 4475 1500 -843 -1069 -2951
-422 4195 1645 -1027 -1143 -2508
-274 3978 1555 -1256 -1123 -2109
-118 3888 1357 -1434 -946 -1636
-18 3982 1386 -1517 -629 -1137
43 4004 1390 -1625 -213 -520
141 3846 1289 -1752 350 127
-16 3528 1051 -1833 1033 694
-289 3474 828 -1796 1633 1361
-610 3616 737 -1658 2057 2091
-749 3579 813 -1502 2319 2779
-885 3560 936 -1336 2520 3289
-1148 3727 1073 -1208 2624 3738
-1313 4055 1133 -1142 2304 4173
-1257 4621 926 -1086 1644 4609
-1148 5568 610 -1071 1230 5078
-1038 6573 313 -1080 1270 5444
-1033 7670 93 -1082 1743 5720
-1196 8231 -222 -1115 2598 5716
-1387 7908 -309 -1143 3539 5367
-1744 6898 -1 -1164 4289 4595
-1746 6062 358 -1175 4294 3703
-1398 5603 393 -1140 3741 2729
-1489 5483 212 -1002 2832 2071
-1585 5424 -6 -914 2031 1722
-1527 5368 -307 -887 1551 1452
-1358 5129 -523 -842 1483 1284
-1226 4783 -572 -769 1755 1220
-1076 4341 -436 -680 2254 1210
-1046 3928 -300 -592 2724 1228
-1144 3649 -269 -463 3165 1245
-1373 3627 -254 -296 3419 1244
-1562 3703 -232 -113 3351 1266
-1664 3929 -193 133 2934 1309
-1696 4799 180 392 2348 1377
-1547 4879 357 530 2009 1399
-1505 4725 395 596 2154 1274
-1684 4595 804 692 2409 1066
-1639 4965 881 733 2365 819
-2147 5554 753 720 2209 599
-2528 5707 1020 760 1809 373
-2217 5467 1428 788 1318 9
-2029 4943 1695 734 1295 -461
-2076 4382 1970 719 1234 -905
-2398 4039 2117 677 828 -1382
-1705 4413 2400 574 -310 -1742
-1751 4541 2096 306 -1399 -1915
-670 5039 2098 73 -2445 -1993
-155 5112 2007 -329 -2191 -2065
104 5100 1800 -690 -1061 -2100
-115 4952 1662 -948 295 -2109
-895 4788 1591 -1070 1483 -2061
-1104 4633 1579 -1102 1520 -1995
-945 4403 1511 -1114 1149 -1900
-915 4275 1494 -1099 788 -1722
-813 4073 1495 -1072 465 -1469
-675 3831 1512 -1047 274 -1219
-645 3719 1443 -1028 320 -915
-673 3732 1298 -1000 394 -606
-758 3841 1179 -933 441 -208
-817 3888 1090 -868 409 229
-828 4085 941 -785 378 631
-861 4810 778 -672 440 1143
-917 5510 654 -571 575 1763
-1025 5595 671 -461 818 2317
-1033 4717 916 -365 1124 2698
-1112 3783 1428 -288 1306 2721
-1167 2959 1461 -350 1167 2456
-909 3154 1160 -332 625 2136
-885 4044 922 -256 319 1950
-876 5286 676 -301 298 1791
-755 6092 376 -355 554 1658
-669 5758 283 -427 1249 1446
-867 4831 435 -400 2036 1100
-992 4023 901 -278 2323 729
-991 3597 1237 -178 2149 394
-1049 3540 1153 -149 1844 156
-1046 3723 937 -118 1568 28
