-1089 4290 1453 121 1541 612
-1554 4115 1348 160 1369 454
-1669 3829 1320 221 750 439
-1486 3680 1406 258 128 511
-1291 3538 1506 256 -262 602
-1324 3627 1608 257 -421 693
-1117 3830 1792 221 -607 761
-1047 3974 1846 157 -637 753
-1034 4202 1863 65 -525 651
-986 4490 1783 -13 -447 466
-845 4560 1615 -131 -366 237
-792 4557 1478 -208 -209 -42
-794 4564 1418 -242 -41 -277
-814 4494 1293 -241 132 -461
-988 4592 1234 -167 277 -538
-1359 4605 1307 -44 245 -465
-1567 4581 1299 28 5 -318
-1718 4630 1400 101 -338 -136
-1598 4342 1338 82 -722 6
-1461 4005 1215 29 -1099 -7
-1315 3764 917 -53 -1267 -202
-1183 4369 562 -102 -1324 -539
-1341 5344 548 -98 -1343 -814
-1413 6408 616 -118 -1531 -1066
-1078 6595 538 -235 -1477 -1424
-915 6315 635 -273 -976 -1849
-690 5922 813 -251 -474 -2321
-645 5583 1032 -207 -39 -2814
-708 5185 1173 -189 151 -3183
-849 4915 1046 -204 196 -3497
-1009 4868 916 -185 5 -3709
-866 4845 862 -140 -363 -3764
-987 4795 969 -121 -709 -3675
-695 4543 1038 -203 -1054 -3456
-644 4125 1137 -268 -1073 -3157
-574 3690 1192 -297 -1022 -2754
-418 3369 1270 -301 -968 -2350
-416 3108 1290 -286 -801 -1883
-452 2926 1344 -225 -664 -1249
-441 2779 1360 -143 -554 -632
-459 2713 1437 -59 -366 -32
-538 2732 1430 23 -148 559
-671 2914 1507 123 -19 1158
-668 3415 1455 212 -27 1906
-770 4378 1409 302 3 2699
-762 5581 1387 380 191 3555
-944 6532 1510 471 714 4457
-1097 6236 1780 436 1258 4989
-1175 5296 1842 311 1674 5070
-1283 4477 1857 135 1986 4686
-1610 4881 1884 21 1563 4103
-1744 5663 1672 -131 564 3541
-1253 6073 1311 -252 -200 2725
-762 6130 961 -313 106 1836
-781 5933 886 -367 759 1037
-614 5239 968 -400 1108 561
-845 4536 1071 -408 1573 305
-1230 4004 1150 -432 2036 163
-1435 3622 1094 -458 2078 138
-1599 3443 1056 -434 1828 227
-1525 3221 1048 -388 1268 396
-1296 3147 1117 -335 752 608
-1255 3304 1257 -257 449 806
-1222 3420 1389 -199 323 977
-1230 3558 1427 -158 324 1071
-1463 3865 1576 -69 343 1110
-1568 4220 1774 16 58 1081
-1489 4429 1820 52 -235 967
-1443 4554 1758 62 -404 717
-1241 4380 1634 61 -483 347
-1138 4420 1374 70 -452 -36
-1321 5113 1174 130 -463 -379
-1410 5768 1010 200 -673 -558
-1548 6023 1032 287 -898 -638
-1664 5651 1196 337 -1122 -702
-1400 4905 1355 348 -1401 -854
-987 4067 1036 263 -1438 -1173
-1025 4135 751 232 -1305 -1537
-1230 4734 603 274 -1419 -1768
-1262 5365 615 299 -1781 -1905
-1116 5631 647 274 -2095 -1929
-920 5608 757 207 -2181 -1878
-830 5360 797 91 -1993 -1834
-751 4938 804 2 -1730 -1832
-702 4671 787 -77 -1449 -1897
-655 4556 714 -154 -1269 -2007
-595 4567 572 -252 -1092 -2107
-668 4528 518 -296 -901 -2143
-545 4337 568 -312 -839 -2125
-555 4010 564 -311 -707 -2066
-691 3662 515 -269 -591 -1882
-752 3425 545 -176 -638 -1616
-783 3444 623 -75 -715 -1281
-783 3687 738 16 -775 -800
-838 3912 803 85 -789 -291
-826 4056 984 181 -761 126
-845 3898 1261 223 -758 487
-870 4061 1454 246 -904 728
-785 4786 1414 295 -1054 995
-753 5986 1255 391 -980 1377
-840 6152 1507 532 -781 1819
-743 4874 2180 618 -497 2151
-800 3357 2540 615 -209 2116
-1140 2708 2573 619 -184 1881
-1327 3587 2689 731 -953 1735
-1022 4439 2385 655 -1783 1681
-877 5195 1944 523 -2060 1656
-1037 5282 1784 497 -1789 1655
-1059 4874 2094 510 -1611 1608
-935 4312 2290 452 -1551 1448
-955 4014 2319 399 -1465 1208
-1231 3998 2382 364 -1410 974
-1409 4000 2232 296 -1628 664
-1239 3914 1899 239 -1957 372
-1298 3903 1661 212 -2173 78
-1329 3945 1398 227 -2443 -162
-1303 4043 1259 304 -2820 -335
-1250 4106 1138 388 -3258 -490
-1156 4206 1129 438 -3615 -606
-961 4357 1221 428 -3880 -692
-685 4447 1164 305 -3776 -785
-843 4657 1042 170 -3374 -842
-982 4863 783 25 -3005 -886
-802 5072 346 -105 -2715 -982
-795 5481 86 -188 -2284 -1137
-693 5027 98 -237 -1893 -1385
-435 5002 22 -278 -1557 -1737
-200 4956 -191 -301 -935 -2085
