-1282 3373 1012 -457 4 -746
-1166 3490 975 -476 -200 -441
-1134 3790 930 -470 -262 -97
-1128 4241 930 -462 -309 289
-1139 4428 998 -458 -358 615
-1180 4965 1077 -428 -438 956
-1146 6188 1003 -382 -552 1274
-935 6985 783 -400 -533 1630
-883 6932 860 -372 -151 1926
-873 5243 1287 -304 280 1922
-801 3429 1730 -218 505 1453
-703 2857 1834 -180 379 742
-235 3483 1523 -249 -147 214
277 4249 874 -541 -223 -190
389 5095 304 -759 490 -338
97 5557 -49 -922 1554 -190
-352 5238 -42 -1008 2540 173
-880 4410 254 -993 3080 489
-957 3600 751 -917 3287 624
-1054 3420 1129 -817 3261 647
-1110 3498 1207 -741 2681 699
-867 3523 939 -645 1648 880
-767 3604 705 -503 1093 1081
-826 3671 672 -326 904 1294
-812 3754 871 -188 772 1518
-846 3883 1037 -92 767 1724
-934 4167 1132 -39 855 1940
-993 4331 1158 13 966 2135
-1119 4593 1302 99 1034 2275
-1280 4830 1487 191 993 2342
-1455 4995 1643 264 766 2341
-1464 4982 1654 298 482 2229
-1406 5245 1660 335 269 1972
-1418 5581 1741 342 163 1660
-1355 5613 1616 253 119 1317
-1610 5484 1631 204 188 907
-1613 4768 1703 128 120 381
-1379 3858 1685 25 24 -222
-1207 3401 1482 -85 91 -905
-1276 3786 1257 -149 58 -1396
-1413 4554 1196 -229 -122 -1780
-1411 5555 1106 -319 -303 -2046
-1374 6355 1069 -454 -376 -2208
-1227 6524 1005 -599 -314 -2382
-1348 6214 1092 -676 -210 -2609
-558 5989 1348 -730 -478 -2853
-34 5813 1519 -760 -494 -3006
-439 5626 1399 -859 240 -3295
-654 5614 1194 -878 848 -3569
-1074 5617 1092 -844 1060 -3739
-1096 5499 1029 -770 655 -3817
-944 5158 1121 -732 14 -3770
-801 4795 1238 -726 -448 -3624
-562 4423 1405 -764 -847 -3373
-400 3975 1419 -836 -914 -3046
-334 3464 1488 -845 -804 -2702
-224 3150 1666 -829 -674 -2241
11 2799 1684 -862 -388 -1716
24 2487 1587 -851 213 -1206
-144 2278 1541 -744 905 -576
-418 2183 1534 -639 1311 37
-731 2208 1429 -615 1460 722
-980 2586 815 -669 1405 1420
-1188 3549 325 -664 1373 2220
-1342 4484 87 -570 1270 3384
-1605 5187 244 -506 1101 4575
-1727 5255 521 -480 1057 5451
-1978 5510 835 -492 926 5880
-2052 6241 1155 -477 86 6089
-2094 7433 994 -414 -1107 6105
-1828 7763 456 -337 -1941 5647
-1594 6640 147 -91 -1449 4485
-945 5471 175 213 -173 2898
260 5366 758 360 999 1152
208 4911 1128 316 1692 328
-169 4422 936 115 2209 -53
-1374 4344 909 39 2746 -312
-1547 4156 530 -111 3088 -626
-1349 3848 367 -271 3221 -650
-1863 3627 732 -273 3160 -462
-1320 3367 1004 -360 2291 -207
-905 3124 1042 -477 1757 190
-935 2885 1091 -510 1902 563
-938 3194 1269 -467 2058 882
-1040 3488 1273 -447 2312 1143
-1269 3817 1289 -344 2371 1348
-1513 4365 1523 -174 2158 1521
-1608 4839 1729 -26 1780 1662
-1623 5137 1829 71 1363 1744
-1584 5747 1836 150 1004 1770
-1675 6692 1754 151 806 1709
-1865 6977 1659 38 563 1514
-1631 5652 1556 -127 317 991
-1429 4068 1587 -189 439 250
-1142 3459 1506 -204 533 -663
-1184 3962 1526 -167 352 -1320
-1301 4611 1430 -166 1 -1858
-1268 5233 1257 -201 -292 -2256
-1115 5469 1033 -297 -509 -2558
-970 5575 1093 -425 -712 -2675
-318 5279 1259 -557 -898 -2629
-596 4874 1329 -670 -601 -2565
-353 4465 1183 -795 -376 -2451
-513 4666 1284 -807 178 -2430
-643 4564 1118 -894 773 -2390
-831 4421 891 -888 911 -2302
-978 4263 939 -833 743 -2204
-671 4039 1063 -807 314 -2051
-678 4055 1060 -780 169 -1880
-563 3823 1061 -779 116 -1654
-555 3531 1103 -729 160 -1433
-593 3425 1103 -668 227 -1177
-636 3365 1095 -625 238 -811
-635 3301 1067 -567 203 -423
-639 3230 1123 -500 179 11
-712 3161 1165 -446 211 509
-688 3397 1075 -392 246 938
-740 4541 867 -324 359 1480
-999 6165 666 -201 535 2378
-1154 6667 982 -51 651 3323
-1160 6045 1497 13 974 3994
-1257 5185 1850 -82 1488 4215
-1264 4865 1651 -263 1678 3950
-984 5190 1500 -289 1440 3409
-721 5667 1230 -339 1146 2722
-366 5477 895 -447 1287 1892
-665 5147 834 -489 1761 1118
-766 4708 826 -538 1875 586
