-516 4360 1795 1036 -1617 2296
-644 4218 1723 1152 -1125 2660
-845 4134 2262 1307 -974 2885
-921 4039 2213 1316 -1098 2974
-1022 4272 2019 1390 -1312 2939
-1014 5126 2325 1510 -1673 2873
-590 5990 2035 1420 -1915 2804
-371 6685 1921 1355 -1476 2811
-1460 6973 1983 1252 -581 2811
-1385 6644 2103 1212 -537 2768
-1072 5840 2192 1152 -561 2530
-893 4734 2290 1086 -705 2177
-660 4270 2419 1036 -794 1754
-432 4145 2257 834 -621 1404
-356 4262 1895 527 -71 1134
-550 4360 1553 287 550 1005
-890 4466 1461 123 1078 986
-1209 4539 1574 1 1315 992
-1287 4467 1590 -118 1249 970
-1370 4333 1616 -192 1087 866
-1420 4264 1833 -206 832 674
-1199 4249 1997 -262 539 441
-942 4051 1662 -398 460 169
-1108 3888 1327 -428 546 -77
-1173 3925 1465 -373 417 -268
-1020 4000 1465 -386 225 -452
-1080 3993 1135 -465 278 -607
-1308 4082 1152 -390 257 -751
-1125 4374 1450 -293 -92 -857
-1059 4614 1192 -319 -159 -935
-1517 4898 1100 -253 -104 -940
-1582 5338 1043 -164 -319 -944
-1738 5918 1097 -73 -636 -996
-1606 5896 1086 -85 -1055 -1188
-1398 5646 1126 -102 -1295 -1635
-1047 5549 951 -174 -1267 -2185
-842 5913 776 -250 -1172 -2757
-1001 6678 820 -280 -1177 -3127
-841 7145 811 -380 -1206 -3361
-777 7154 734 -525 -927 -3525
-857 6864 825 -586 -564 -3610
-683 6414 1006 -620 -324 -3685
-527 5737 905 -676 -63 -3777
-730 5236 816 -608 139 -3821
-760 4827 969 -475 -65 -3795
-695 4489 980 -419 -380 -3679
-743 4153 916 -384 -590 -3466
-685 3731 872 -316 -860 -3135
-609 3234 929 -244 -1014 -2729
-618 2779 1115 -119 -1161 -2319
-433 2489 1253 -30 -1361 -1822
-258 2168 1190 -12 -1364 -1337
-218 1912 1089 67 -1166 -772
-248 1879 1044 180 -912 -143
-396 2158 1034 334 -665 509
-580 2610 1023 501 -427 1366
-635 3024 1073 647 -239 2282
-676 3308 1048 758 53 3039
-658 3969 884 829 438 3768
-757 5464 688 921 788 4424
-1004 7430 646 1037 1158 5201
-1426 8622 1003 1088 1526 5891
-1579 7991 1284 924 1716 6105
-1534 6553 1305 675 2068 5663
-1922 5159 1736 578 2185 4868
-2072 5004 1813 543 1358 3784
-1138 5515 1382 492 376 2660
-711 6553 1171 474 274 1833
-854 6765 1046 333 725 1192
-1045 6214 1046 172 1320 699
-1267 5079 1258 14 1873 379
-1259 4182 1475 -103 2128 124
-1301 3649 1564 -207 2130 -22
-1446 3238 1494 -288 1913 -84
-1441 3270 1500 -297 1412 -32
-1185 3432 1514 -319 924 89
-1089 3557 1544 -338 787 236
-1083 3549 1547 -342 844 364
-1166 3554 1588 -314 877 393
-1214 3582 1723 -239 737 352
-1181 3698 1770 -181 468 264
-1242 3826 1709 -132 281 148
-1230 4084 1743 -57 68 17
-1151 4353 1848 -32 -151 -150
-982 4299 1705 -86 -245 -318
-923 4481 1569 -112 -151 -542
-937 4951 1540 -119 -9 -723
-950 5457 1469 -154 114 -782
-972 6004 1415 -213 456 -698
-1060 5582 1049 -336 1080 -609
-1339 4805 912 -315 1793 -630
-1577 4076 1048 -133 1937 -892
-1551 3892 1149 30 1368 -1213
-1464 4371 911 164 503 -1526
-1712 5313 824 304 -259 -1763
-1589 6122 865 396 -996 -1881
-1162 6260 697 332 -1441 -1955
-1001 5870 633 226 -1358 -2010
-889 5266 780 189 -1159 -2097
-724 4748 1025 153 -995 -2218
-689 4356 944 82 -812 -2350
-725 4202 871 54 -643 -2467
-844 4205 919 55 -664 -2470
-661 4161 879 2 -792 -2396
-669 4020 826 -62 -783 -2204
-706 3798 905 -89 -742 -1947
-704 3497 1033 -117 -722 -1608
-638 3283 1098 -168 -688 -1239
-603 3010 1017 -207 -614 -862
-569 2998 974 -200 -509 -411
-615 3240 1048 -185 -370 153
-701 3590 1029 -196 -191 702
-831 3623 1156 -162 3 1284
-855 3978 1237 -111 107 1812
-1005 4841 1143 -45 122 2340
-1011 6166 964 53 107 3043
-1210 7095 1370 207 270 3780
-1198 5900 1912 184 472 4198
-1123 4438 1835 38 780 4146
-1420 3705 1793 -31 1002 3672
-1244 4035 1620 -66 572 3161
-813 4856 1194 -132 64 2611
-796 5776 871 -205 302 2002
-1035 6032 839 -234 741 1390
-947 5561 975 -238 1039 934
-932 4785 1356 -194 1245 598
-1220 4030 1644 -180 1412 421
-1436 3576 1805 -189 1386 313
