-991 4279 1948 82 66 448
-943 4298 1813 86 61 388
-1088 4637 1712 111 114 361
-1180 4879 1536 122 104 416
-1383 5306 1453 158 122 547
-1567 5132 1566 157 96 701
-1466 4518 1465 42 -51 678
-1505 3944 1152 -44 -63 420
-1546 4089 786 -55 -157 -75
-1474 4965 728 15 -575 -560
-1406 5767 707 35 -909 -950
-1259 6002 662 0 -921 -1400
-1059 5729 771 6 -720 -1842
-919 5296 897 21 -457 -2201
-960 4993 946 32 -238 -2570
-1027 4877 936 35 -160 -2840
-1015 4917 873 37 -286 -3045
-935 4940 779 15 -483 -3128
-828 4828 732 -18 -601 -3106
-781 4587 762 -43 -660 -2970
-749 4289 855 -60 -662 -2747
-731 3978 835 -63 -628 -2452
-779 3776 737 -38 -595 -2122
-747 3702 907 30 -646 -1715
-778 3569 1018 49 -696 -1316
-698 3402 1007 36 -727 -858
-729 3343 1124 68 -725 -395
-719 3360 1254 95 -766 28
-733 3487 1375 108 -817 494
-728 3719 1539 118 -835 946
-678 4086 1549 96 -793 1339
-672 5019 1403 120 -580 1839
-797 6066 1315 202 -305 2391
-780 6076 1623 269 25 2985
-747 5040 1829 201 478 3347
-884 4221 1789 101 858 3382
-1038 3916 1595 9 973 3232
-1028 4444 1374 8 738 3070
-1133 5488 1327 -12 408 2962
-1045 6337 1093 -141 255 2812
-1020 6296 947 -230 604 2562
-1206 5470 1075 -263 1200 2130
-1036 4391 1326 -290 1382 1604
-900 3836 1412 -307 1361 1175
-1165 3587 1280 -322 1351 814
-1381 3695 1230 -299 1153 546
-1237 3874 1142 -287 741 393
-1172 3997 1024 -282 558 316
-1199 3935 1268 -218 489 323
-1079 3971 1490 -150 419 348
-1142 4111 1340 -137 465 320
-1267 3984 1419 -14 297 282
-1090 3693 1723 135 -141 178
-1027 3580 1732 181 -401 41
-1025 3619 1721 220 -598 -98
-877 3710 1653 199 -749 -237
-685 3761 1505 135 -713 -356
-644 3993 1324 71 -445 -480
-832 4603 1147 60 -133 -531
-1094 5401 1009 107 -24 -458
-1372 6219 1081 191 -133 -244
-1363 5709 1091 191 -313 -15
-1247 4799 1103 192 -290 -8
-1104 4044 1221 223 -220 -220
-900 3588 985 193 -193 -611
-1021 3575 699 220 -138 -962
-1207 4130 521 343 -247 -1272
-1389 4878 438 429 -443 -1437
-1496 5634 454 493 -596 -1439
-1451 5893 403 503 -584 -1371
-1530 5675 420 481 -330 -1361
-1642 5197 548 518 -270 -1436
-1482 4815 523 544 -590 -1636
-1429 4779 439 574 -949 -1862
-1241 4750 339 588 -1304 -2142
-1077 4814 347 596 -1478 -2398
-848 4741 507 601 -1570 -2541
-809 4524 630 532 -1579 -2577
-836 4263 673 451 -1547 -2499
-861 4008 778 376 -1552 -2305
-831 3786 892 293 -1602 -2010
-757 3635 929 203 -1622 -1658
-738 3623 904 124 -1549 -1178
-723 3663 1040 93 -1447 -623
-686 3560 1158 70 -1335 -95
-670 3537 1252 91 -1128 482
-677 3761 1386 129 -915 1006
-682 4278 1306 162 -670 1614
-772 5205 1153 257 -253 2278
-958 5420 1409 363 203 2832
-989 4590 1825 363 614 3179
-1393 3349 1815 293 868 3112
-1472 3050 1541 225 629 2840
-1433 3852 1233 231 -97 2562
-1361 4944 972 185 -619 2350
-1383 5694 906 171 -707 2045
-1397 5740 973 143 -463 1638
-1397 5264 1087 168 -217 1212
-1308 4719 1542 287 -228 804
-1407 4361 1791 380 -407 507
-1610 4035 1871 439 -560 316
-2169 3923 2132 445 -804 163
-1459 3726 1938 418 -1476 116
-1567 3758 1758 461 -1615 136
-1664 3765 1608 452 -1752 181
-1589 3710 1489 476 -2161 240
-1678 3766 1287 507 -2404 252
-1682 3897 1151 578 -2846 237
-1466 4073 1002 649 -3366 177
-1341 4398 901 695 -3544 89
-1346 4998 791 683 -3544 -16
-1368 5923 922 616 -3530 -50
-1445 5577 963 349 -3364 -70
-1435 4388 785 33 -3034 -269
-1305 3692 609 -184 -2837 -637
-979 3955 485 -391 -2757 -1076
-968 4742 389 -630 -2570 -1346
-1176 5875 243 -931 -2311 -1446
-1053 6635 3 -1224 -1938 -1435
-841 6684 -326 -1422 -1270 -1423
-786 6503 -366 -1439 -321 -1503
-853 5923 -98 -1309 604 -1686
-792 5230 49 -1163 1141 -1919
-1069 4753 -16 -928 1424 -2129
-1270 4303 -221 -665 1176 -2240
-1454 4112 -202 -304 540 -2240
-1286 4129 -179 -27 -419 -2145
-1012 4156 -238 98 -1075 -1990
