-611 3559 818 -192 -584 -1683
-625 3552 810 -141 -575 -1240
-630 3653 899 -93 -545 -731
-615 3635 988 -48 -502 -199
-564 3596 1047 -18 -440 270
-639 4008 1043 62 -267 838
-779 4957 980 181 -93 1526
-776 5494 962 325 62 2255
-1002 5060 1137 515 386 3021
-999 4187 1469 656 552 3450
-1225 3686 2035 748 446 3485
-1341 3770 2154 675 -160 3347
-780 4601 1505 432 -792 3205
-714 5748 883 370 -683 3148
-591 6630 775 370 -79 3109
-966 6676 1064 434 750 3027
-1399 5693 1532 391 1257 2798
-1697 4499 1982 383 1151 2418
-1534 3998 2278 380 559 1992
-1360 3865 1962 289 140 1607
-1595 4048 1784 273 -40 1257
-1366 4190 1606 221 -334 985
-1107 4114 1451 147 -419 718
-1086 4080 1554 73 -130 534
-1303 4055 1678 38 66 417
-1358 4031 1743 27 6 280
-1448 3983 1852 40 -84 144
-1457 4060 1774 35 -278 -22
-1471 4246 1642 10 -500 -216
-1297 4358 1645 -17 -693 -446
-1041 4189 1497 -115 -710 -784
-848 4085 1273 -182 -484 -1178
-993 4541 1208 -209 -245 -1499
-1156 5423 1192 -213 -256 -1745
-1255 6705 1198 -248 -406 -1837
-1385 7408 1258 -353 -556 -1769
-1055 6663 1161 -543 -552 -1759
-661 5543 997 -670 -189 -1966
-625 4811 920 -713 311 -2403
-741 4744 832 -695 402 -2792
-857 5250 746 -626 236 -3011
-986 5913 878 -562 30 -3100
-868 6122 782 -583 -197 -3068
-809 5915 773 -619 -245 -2942
-744 5527 829 -626 -184 -2758
-668 5020 895 -622 -194 -2567
-640 4511 854 -629 -176 -2347
-650 4148 770 -631 -177 -2139
-557 3941 701 -624 -256 -1953
-535 3803 643 -621 -278 -1698
-471 3627 647 -629 -266 -1397
-449 3454 651 -649 -175 -983
-476 3377 553 -678 27 -501
-812 3552 308 -714 248 -33
-1502 3518 239 -719 -141 533
-878 3224 528 -753 -1073 1144
-560 3451 670 -700 -977 1654
-580 3764 651 -678 -108 2203
-412 3982 568 -686 739 2779
-685 4361 452 -766 1699 3253
-842 5144 292 -936 2503 3736
-731 6160 136 -1141 3203 4320
-651 7179 -184 -1414 4291 4904
-884 7653 -1030 -1875 6108 5324
-1092 7287 -1951 -2370 8218 5164
-1806 6670 -2301 -2823 9939 4470
-2762 6414 -1744 -3130 10467 3395
-2839 6475 -1010 -3171 9191 2461
-2453 6112 -665 -2916 6652 1668
-2215 5348 -488 -2445 4014 1101
-1952 4626 -276 -1981 1874 711
-1678 4125 -390 -1647 48 404
-1141 4318 -645 -1440 -986 157
-633 4613 -874 -1312 -1026 51
-498 4883 -848 -1179 -382 101
-449 4645 -648 -1122 613 333
-425 3986 -416 -1118 1697 581
-699 3489 -300 -1082 2922 810
-904 3299 -320 -1081 3670 1002
-1065 3337 -504 -1070 3869 1200
-1142 3609 -646 -964 3759 1423
-1190 3793 -620 -800 3518 1656
-1205 4111 -492 -550 3263 1865
-1349 4496 -89 -237 2994 2076
-1515 4805 460 15 2672 2261
-1365 4810 582 167 2311 2400
-1756 4941 686 353 2230 2458
-1867 5417 1062 514 1868 2430
-1819 5988 1406 607 1333 2335
-1754 5267 1163 485 1140 2102
-2141 4605 1223 481 1081 1713
-2199 4526 1544 485 818 1277
-1845 4853 1667 450 406 805
-2099 5290 1514 356 374 420
-2271 5402 1372 302 222 118
-1962 5145 1295 270 -193 -254
-1737 4661 1255 199 -340 -601
-1551 4270 1221 122 -394 -978
-1350 4113 1116 23 -342 -1329
-1296 4202 985 -96 -221 -1590
-1092 4368 1058 -197 -155 -1815
-1197 4538 550 -307 -269 -1887
-1085 4967 643 -295 -608 -1985
-894 5238 803 -373 -525 -2090
-693 5258 791 -463 -222 -2165
-564 5177 813 -543 218 -2258
-841 5001 830 -594 821 -2335
-800 4822 952 -569 930 -2354
-810 4608 944 -562 863 -2306
-910 4435 953 -548 757 -2199
-919 4169 1048 -518 473 -2021
-887 3967 1131 -518 130 -1779
-770 3820 1205 -537 -134 -1507
-719 3658 1190 -565 -265 -1166
-699 3644 1166 -554 -295 -748
-665 4018 1117 -507 -252 -314
-800 4932 1071 -429 -98 341
-873 5607 907 -392 81 1085
-1060 5705 877 -298 384 1940
-1023 4176 959 -190 708 2512
-1138 2961 1329 -39 818 2564
-1364 2492 1666 69 368 2284
-900 3287 1390 91 -684 1937
-624 4519 1034 30 -1377 1792
-530 5839 701 -103 -1286 1718
-147 6517 474 -278 -540 1664
512 6047 292 -466 942 1606
-1160 4987 786 -638 3127 1363
