-2024 6335 -59 633 -1992 -55
-1571 5180 28 606 -2278 -664
-1456 4961 23 672 -2366 -1316
-1203 5417 -102 686 -2777 -1699
-1124 5897 -37 606 -2810 -1973
-825 6019 67 497 -2635 -2121
-636 5725 189 384 -2146 -2204
-781 5300 454 334 -1328 -2296
-864 4745 478 278 -871 -2328
-1055 4256 491 271 -798 -2280
-943 4032 485 234 -1074 -2165
-842 3913 432 140 -1283 -2032
-688 3774 300 -5 -1331 -1823
-671 3627 332 -61 -1212 -1559
-649 3452 513 -94 -1017 -1272
-612 3268 593 -139 -825 -891
-667 3125 559 -157 -632 -506
-789 3148 557 -108 -473 -47
-885 3167 690 -22 -444 444
-923 3250 788 88 -517 885
-953 3515 810 170 -615 1373
-1034 3833 876 251 -703 1876
-1139 4173 1015 324 -854 2329
-1266 4743 1222 369 -1064 2806
-1346 5843 1246 330 -1264 3179
-1247 6961 1019 260 -1376 3459
-985 7936 843 195 -1075 3533
-812 7272 878 119 -391 3327
-498 5126 1301 72 592 2703
-439 3398 1751 -4 1405 1839
-617 3078 1607 -191 1713 954
-704 3982 1277 -278 1299 396
-895 4832 1037 -413 1007 29
-989 5618 786 -540 897 -158
-974 5704 602 -689 981 -183
-868 5130 628 -809 1318 -74
-747 4316 752 -857 1695 -6
-704 3726 971 -837 2040 17
-827 3252 1210 -805 2245 66
-1105 3017 1273 -756 2240 162
-1462 2816 1346 -647 1828 337
-1578 2823 1552 -448 1062 564
-1485 3064 1721 -228 121 908
-1436 3129 1798 -96 -565 1261
-1337 3120 1860 49 -965 1535
-1210 3214 1819 167 -1108 1735
-1212 3574 1801 244 -1062 1829
-1240 4167 1705 275 -1050 1867
-1138 4468 1491 205 -933 1820
-1306 4679 1200 156 -639 1673
-1450 5580 991 135 -282 1352
-1798 6774 801 127 99 897
-2247 7148 886 127 329 278
-2044 6128 986 182 340 -720
-1166 4985 1183 261 123 -1707
-809 4319 1268 335 -139 -2520
-1085 4459 1067 334 -203 -3033
-1521 5196 769 315 -306 -3344
-1605 5934 519 304 -682 -3589
-1451 6228 371 294 -1071 -3619
-1158 6188 508 272 -1295 -3497
-944 5800 738 226 -1383 -3244
-785 5279 872 178 -1397 -2978
-789 4865 955 135 -1282 -2731
-711 4507 819 77 -1140 -2559
-707 4259 759 49 -1072 -2444
-702 4112 783 2 -1100 -2323
-546 3932 758 -65 -1172 -2195
-550 3702 788 -118 -1103 -2055
-486 3532 858 -147 -1034 -1847
-418 3470 934 -174 -949 -1614
-444 3381 936 -197 -757 -1232
-472 3384 922 -191 -563 -827
-509 3366 947 -155 -354 -272
-583 3366 960 -104 -139 269
-737 3432 1049 -9 87 886
-794 3780 1110 78 150 1514
-913 4768 1187 187 144 2172
-1050 5923 1360 291 88 3049
-997 6654 1494 314 96 3782
-838 5870 1538 232 483 4297
-844 4767 1771 163 1042 4334
-917 3900 1755 71 1332 4028
-928 4633 1644 10 1236 3637
-1101 5825 1440 -68 762 3371
-1058 6713 1113 -223 439 3105
-959 6898 795 -376 766 2670
-1131 6266 786 -435 1345 2219
-1058 5301 1050 -441 1664 1709
-932 4328 1316 -457 1773 1284
-1175 3949 1300 -491 1902 988
-1456 3814 1210 -509 1783 756
-1480 3856 1133 -501 1326 637
-1346 3836 998 -506 904 588
-1263 3797 936 -475 654 608
-1260 3642 1039 -409 555 672
-1280 3362 1168 -326 472 797
-1496 3099 1073 -226 398 926
-1807 3220 1148 -50 154 1041
-1917 3639 1367 138 -482 1157
-1709 4133 1397 213 -1130 1176
-1658 4411 1260 221 -1268 1024
-1549 4304 1097 232 -1147 648
-1488 4677 956 293 -924 182
-1698 5654 839 392 -805 -313
-1940 6641 799 462 -981 -768
-2011 6489 909 504 -1152 -1234
-1631 5422 927 487 -1267 -1849
-1364 4563 929 472 -1315 -2489
-1117 4701 753 476 -1628 -2927
-1192 5697 663 463 -1879 -3222
-1222 7025 555 371 -2110 -3332
-1039 7302 347 190 -2150 -3324
-909 7063 378 68 -1922 -3238
-724 6415 488 -6 -1627 -3153
-669 5679 626 -39 -1328 -3125
-677 5072 620 -68 -1065 -3146
-751 4690 556 -70 -1000 -3193
-765 4580 525 -57 -1140 -3182
-650 4501 447 -99 -1363 -3095
-537 4354 378 -160 -1445 -2963
-499 4081 391 -209 -1329 -2736
-444 3716 508 -227 -1128 -2443
-399 3325 589 -247 -918 -2131
-420 3026 604 -217 -705 -1703
-461 2933 595 -148 -565 -1156
-504 3041 617 -56 -442 -567
-618 3301 765 53 -278 148
