-2716 5512 1215 701 455 456
-2445 5181 1432 832 115 -127
-2150 4581 1524 920 -152 -775
-1932 4627 1338 933 -443 -1324
-1924 4844 1245 872 -469 -1721
-1587 5111 1336 736 -421 -2001
-1973 4764 870 533 -337 -2273
-1710 4842 1024 541 -999 -2444
-875 4863 1062 403 -1569 -2618
-932 4990 987 300 -1111 -2883
-1244 5073 786 222 -562 -3181
-1338 5287 506 243 -772 -3310
-1188 5300 449 280 -1287 -3354
-1024 5230 476 270 -1701 -3313
-929 5059 507 168 -2066 -3167
-803 4787 450 48 -2212 -2925
-745 4428 511 -27 -2157 -2669
-633 4074 598 -95 -2016 -2344
-570 3895 619 -149 -1840 -1952
-624 3956 669 -200 -1597 -1508
-679 4213 868 -201 -1394 -927
-606 4267 933 -250 -1206 -376
-567 4235 861 -328 -765 209
-662 4856 908 -258 -302 834
-616 5249 996 -158 93 1514
-728 4863 1082 -73 582 2071
-574 3712 1109 50 1019 2532
-430 2791 1271 204 1444 2727
-837 3029 1822 445 1809 2843
-1587 3989 2521 420 1140 3079
-1233 4680 1775 22 0 3235
-760 5255 696 -269 -408 3224
-730 5709 743 -208 -171 3086
-503 5705 1437 -172 11 2915
-704 4974 1433 -339 719 2602
-1091 4202 1377 -348 1099 2269
-860 3913 1639 -285 498 2010
-871 3924 1642 -162 -35 1746
-1142 3747 1401 -134 38 1437
-819 3468 1291 28 379 1017
-1539 4633 1078 367 482 806
-841 3459 1620 -122 251 844
-717 4218 1763 -78 162 937
-1338 4110 1625 -179 945 839
-1564 4438 1682 -207 777 714
-1607 5138 1602 -108 421 529
-1440 5302 1385 -88 289 307
-1484 5814 1294 49 263 45
-1482 6618 1188 163 399 -221
-1429 6566 1107 230 456 -502
-1373 5490 1213 324 315 -819
-1131 4061 1284 323 5 -1056
-1080 3396 1120 311 -399 -1253
-1058 3940 1016 329 -850 -1351
-1308 4821 1029 262 -1328 -1403
-811 5884 881 212 -2094 -1506
-322 6099 904 135 -2222 -1695
-254 5769 967 71 -1758 -1846
-459 5288 967 22 -1347 -1964
-764 4922 880 -18 -1354 -2036
-506 4601 650 -43 -1749 -2165
-288 4438 561 -75 -1884 -2302
-183 4391 369 -157 -1810 -2399
189 4385 290 -233 -1822 -2450
565 4243 349 -313 -1604 -2355
1028 3874 484 -384 -1117 -2040
740 3769 761 -382 -578 -1563
421 3855 801 -382 -209 -1076
177 4286 733 -424 -4 -595
132 4800 552 -411 160 -148
301 4868 666 -343 337 190
87 4828 766 -268 611 517
-231 5749 720 -126 809 929
-329 6013 746 41 824 1308
-452 5379 1250 206 807 1724
-612 4282 1769 309 665 2035
-675 3634 2021 297 469 2212
-935 4188 1761 274 377 2281
-1151 5428 1627 240 136 2301
-829 5817 1421 102 -63 2198
-424 5607 1464 42 224 1914
-663 4943 1741 -31 1042 1545
-878 4018 1895 -128 1289 1192
-921 3515 1826 -166 996 948
-967 3478 1743 -170 663 816
-856 3690 1688 -187 533 744
-785 3865 1452 -272 571 773
-1064 4041 1320 -276 682 895
-1072 4047 1298 -258 626 977
-1141 3782 1331 -209 573 976
-1163 3532 1432 -131 463 893
-1192 3532 1582 -60 255 745
-983 3787 1516 -61 104 580
-935 4255 1207 -103 217 392
-875 4606 994 -120 517 174
-825 4721 929 -88 767 -14
-861 4749 1029 -23 1032 -209
-1063 5511 1140 107 1189 -375
-1453 6533 1295 208 1061 -412
-1276 6440 1730 234 614 -415
-714 4886 1700 85 317 -528
-653 3658 1255 -26 566 -791
-874 4574 1211 32 563 -1051
-917 5958 1385 86 114 -1205
-596 6582 1465 13 -167 -1306
-288 6126 1452 -80 3 -1429
-439 5253 1600 -132 396 -1598
-548 4739 1829 -145 364 -1740
-407 4473 1825 -209 159 -1872
-264 4246 1738 -322 134 -1964
-203 4086 1533 -474 178 -1955
-182 3886 1358 -612 247 -1914
-217 3679 1205 -736 389 -1778
-414 3675 1175 -842 476 -1541
-431 3650 1048 -954 466 -1294
-492 3624 861 -1067 523 -977
-502 3664 789 -1103 621 -658
-510 3831 727 -1116 737 -317
-546 3931 718 -1132 937 41
-697 3706 770 -1123 1156 407
-754 3440 897 -1091 1190 652
-642 3775 740 -1079 1097 791
-672 5263 381 -1061 1092 1101
-445 6265 -46 -1083 1315 1522
-261 6807 -272 -1064 2091 2073
-761 6430 -35 -1001 3167 2588
-1315 5742 960 -856 3580 2793
-1127 5042 1501 -891 3319 2695
