-1367 4699 1794 48 912 1295
-1413 4818 1698 37 1081 920
-1608 5425 1689 66 1136 552
-1761 5875 1547 93 1013 292
-1958 5934 1508 147 695 115
-1903 5123 1565 195 325 -48
-1736 4218 1554 229 -57 -319
-1692 3553 1379 260 -483 -679
-1525 3364 1099 313 -1076 -1006
-1214 3784 980 369 -1652 -1293
-1068 4656 1004 357 -1895 -1481
-825 5441 869 181 -1812 -1518
-929 5758 646 -15 -1390 -1441
-1126 5763 583 -129 -843 -1366
-785 5515 787 -159 -536 -1343
-698 5091 862 -205 -97 -1455
-789 4677 904 -200 372 -1655
-1024 4497 994 -137 577 -1912
-1083 4495 895 -75 337 -2127
-1006 4596 815 -19 -29 -2289
-902 4640 834 12 -317 -2394
-811 4506 889 20 -553 -2413
-708 4251 953 -3 -690 -2346
-700 4053 1071 -20 -721 -2223
-695 3852 1170 -28 -736 -1982
-663 3624 1251 -38 -772 -1690
-669 3506 1295 -35 -773 -1279
-677 3506 1339 -32 -742 -817
-682 3464 1343 -14 -688 -280
-675 3287 1368 29 -563 311
-703 3297 1477 99 -439 812
-736 3689 1450 138 -415 1333
-1465 4751 1380 181 -418 1937
-1500 5927 1385 191 -541 2638
-773 6715 1529 235 -695 3478
-482 5740 1946 203 -224 3921
-549 3875 2235 108 653 3802
-1276 2875 2419 69 1338 3246
-1960 3712 2198 20 810 2617
-2017 4716 1741 -85 -349 2149
-1614 5466 1257 -172 -1205 1628
-1219 5950 981 -161 -1345 1056
-961 5664 1187 -115 -1146 541
-824 4669 1522 -90 -903 253
-999 3802 1770 -75 -583 79
-1322 3448 1838 -17 -401 21
-1513 3468 1796 69 -546 52
-1739 3597 1625 125 -916 169
-1692 3599 1476 192 -1513 324
-1519 3586 1319 253 -1990 418
-1454 3730 1280 328 -2305 460
-1494 3879 1269 413 -2641 429
-1547 3935 1213 484 -3065 333
-1591 4092 1094 537 -3520 158
-1404 4460 1221 565 -4042 -85
-880 4964 1260 475 -4367 -296
-696 5294 912 130 -3756 -542
-1151 5401 822 -104 -2813 -791
-827 5471 743 -175 -2413 -1042
-565 4967 779 -256 -2265 -1271
-837 4666 798 -309 -2103 -1505
-974 4862 471 -377 -2116 -1760
-863 5126 -3 -428 -2160 -1974
-649 5065 -346 -421 -2101 -2072
-603 5037 -516 -408 -1904 -2069
-532 5130 -665 -379 -1635 -1980
-685 5033 -610 -316 -1280 -1780
-858 4814 -637 -262 -1134 -1562
-770 4974 -651 -154 -882 -1355
-1058 4991 -511 41 -441 -1058
-1192 4906 -370 178 -286 -753
-1490 4722 -425 243 -280 -572
-1702 4466 -409 290 -790 -533
-1322 4310 -389 338 -1534 -652
-739 4208 -565 349 -1710 -896
-949 4264 -501 485 -1310 -1085
-982 4325 -331 642 -1226 -1141
-971 4343 -210 736 -1203 -1098
-1094 4292 -149 836 -1155 -978
-1226 4496 -63 941 -1248 -817
-1192 4373 -65 1025 -1513 -679
-1171 4287 12 1122 -1864 -519
-1220 4373 262 1188 -2216 -390
-1208 4482 486 1179 -2663 -266
-997 4495 590 1041 -2933 -187
-814 4649 670 911 -2812 -151
-610 5600 584 759 -2254 -60
-483 5349 595 608 -1470 38
-226 3600 844 542 -508 -47
-542 3226 1208 689 348 -305
-1063 3920 1341 853 562 -460
-1534 5074 1684 1075 -181 -318
-1710 5625 2118 1188 -1376 -47
-1323 5421 2438 1080 -2274 92
-950 4630 2638 871 -2682 82
-439 3763 2336 658 -2571 -30
234 3666 2384 510 -1904 -100
-677 3934 2286 324 -676 -111
-1547 4136 2460 176 -406 22
-379 3962 2110 142 -924 309
-695 3787 2059 207 -697 640
-1102 3691 1701 213 -613 830
-1094 3738 1514 292 -1097 1023
-1012 4023 1419 359 -1430 1177
-1395 4181 1442 283 -1521 1207
-524 4267 1136 139 -1836 1237
-685 4265 811 26 -1383 1230
-801 4319 769 -31 -843 1161
-627 4244 958 -48 -461 1029
-694 4055 974 -113 88 862
-831 4111 1004 -128 592 653
-1022 4314 1027 -131 913 444
-1169 4459 1090 -119 1071 263
-1254 4564 987 -83 1039 70
-1403 5008 861 15 932 -95
-1584 5559 1092 163 655 -158
-1431 5698 1168 239 253 -175
-1649 5450 1277 303 122 -166
-1666 4788 1339 351 -137 -177
-1558 3978 1373 395 -576 -307
-1505 3401 1444 423 -861 -575
-1353 3187 1190 420 -1220 -876
-1492 3634 733 456 -1501 -1174
-1789 4579 467 578 -1900 -1319
-1369 5892 572 662 -2370 -1346
-1118 6144 841 581 -2341 -1301
-656 5903 592 311 -1549 -1351
-1180 5381 207 91 -87 -1450
