-843 4002 813 -790 567 -2226
-786 3863 797 -695 282 -2023
-805 3743 817 -615 37 -1680
-771 3649 892 -568 -148 -1277
-757 3817 816 -514 -249 -754
-783 4689 635 -419 -160 -89
-880 5160 534 -268 25 777
-958 5316 680 -95 235 1628
-1094 4750 1285 104 552 2452
-1106 3811 1997 157 644 2859
-1108 2906 2030 52 484 2787
-1056 2894 1675 58 142 2475
-775 3773 1349 73 -380 2171
-497 5197 1024 14 -722 2004
-311 6453 919 -70 -531 1879
-102 6343 806 -279 392 1693
-454 5297 755 -415 1663 1455
-802 4258 1150 -389 2496 1020
-684 3990 1684 -343 2463 672
-687 3736 1516 -452 2476 477
-1127 3692 1147 -534 2664 375
-1348 3781 976 -501 2434 430
-1062 3832 1028 -461 1854 560
-1392 3810 1374 -510 1685 691
-1205 3450 1205 -556 1565 798
-1136 3488 1403 -377 1407 997
-1207 3619 1560 -313 1204 1143
-1016 3647 1429 -275 823 1275
-1309 3982 1526 -125 788 1434
-1376 4284 1639 -39 645 1553
-1374 4480 1675 -8 422 1615
-1265 4669 1502 2 381 1587
-1300 5586 1299 16 497 1477
-1582 6472 1213 31 603 1342
-1743 6746 1231 33 615 1140
-1906 5485 1252 -8 708 786
-1790 3877 1291 6 729 90
-1573 3208 1317 100 523 -746
-1393 3400 1224 196 -44 -1341
-1476 4068 1037 241 -520 -1795
-1524 5345 892 245 -816 -2080
-1302 6065 711 188 -1054 -2225
-679 6130 982 87 -1068 -2198
-1255 5623 927 -27 -696 -2162
-1198 5229 955 -54 -636 -2190
-803 4919 943 -71 -755 -2275
-861 4815 1019 -95 -699 -2377
-807 4746 924 -189 -627 -2522
-735 4730 772 -247 -583 -2599
-653 4701 823 -249 -617 -2642
-593 4539 926 -270 -578 -2598
-610 4261 1010 -317 -511 -2497
-626 3984 1073 -330 -465 -2306
-706 3789 1175 -311 -476 -2030
-715 3772 1180 -293 -581 -1651
-701 3692 1204 -288 -717 -1215
-653 3528 1261 -283 -750 -680
-603 3437 1368 -267 -695 -184
-593 3507 1481 -254 -552 369
-592 4051 1473 -245 -388 964
-701 4738 1447 -212 -198 1620
-754 5375 1289 -201 101 2401
-890 5333 1477 -155 551 3100
-845 4366 1700 -187 991 3443
-894 3443 1678 -290 1313 3395
-1062 3564 1510 -312 1367 3188
-1051 4648 1284 -272 909 3030
-1202 5868 1110 -289 462 2940
-1097 6275 772 -391 462 2772
-1144 6018 659 -419 971 2391
-1181 5221 869 -378 1390 1873
-962 4377 1104 -342 1438 1437
-1006 3866 1196 -299 1429 1060
-1227 3664 1102 -272 1422 803
-1305 3697 991 -239 1247 628
-1313 3744 866 -215 990 583
-1369 3810 1273 -164 830 604
-1126 3487 1142 -180 780 658
-1239 3611 1275 -106 826 722
-1296 3750 1424 -42 805 807
-1401 3940 1550 14 612 878
-1471 4117 1574 41 502 885
-1411 4267 1550 63 302 811
-1354 4344 1657 93 187 636
-1226 4251 1668 111 132 404
-1128 4150 1680 115 191 58
-1123 4246 1612 123 254 -256
-1239 4859 1538 146 238 -525
-1333 5375 1486 162 121 -633
-1303 5666 1330 161 25 -649
-1484 5652 1470 230 -66 -591
-1353 4751 1614 231 -337 -572
-1319 3959 1609 234 -587 -652
-1077 3493 1483 196 -864 -879
-896 3702 1043 119 -1016 -1162
-1102 4570 810 101 -985 -1343
-1149 5655 819 120 -1019 -1368
-970 5876 807 49 -849 -1301
-1048 5443 683 3 -470 -1239
-1244 4894 670 19 -126 -1241
-1239 4445 764 70 -204 -1302
-1144 4181 774 109 -420 -1393
-1071 4070 737 132 -596 -1523
-989 4114 693 136 -694 -1641
-867 4244 685 116 -752 -1732
-747 4353 675 87 -726 -1768
-752 4286 795 72 -647 -1749
-690 4051 893 34 -569 -1683
-679 3908 896 -5 -493 -1572
-712 3866 919 -19 -423 -1401
-759 3958 1052 -15 -432 -1095
-729 4111 1149 -41 -481 -721
-695 3983 1188 -87 -435 -251
-689 3711 1320 -88 -278 200
-679 3662 1435 -68 -163 573
-769 4245 1472 -37 -75 1055
-956 5091 1495 10 -67 1697
-1022 5892 1581 66 -94 2370
-1021 5496 1735 37 127 2994
-917 4431 2055 -40 413 3225
-1017 3441 2033 -177 621 3080
-867 3688 1560 -291 547 2760
-842 4793 1309 -301 371 2543
-963 5724 1259 -351 278 2356
-857 6115 1048 -472 527 2079
-1010 5893 838 -554 1139 1733
-1193 5057 1027 -492 1606 1279
-1126 3936 1489 -433 1542 904
