-1816 6749 820 430 -634 -605
-1798 6184 939 488 -1007 -811
-1437 5178 1086 480 -1256 -1094
-977 4219 935 432 -1258 -1422
-915 4050 720 362 -904 -1816
-1219 4702 563 369 -697 -2116
-1247 5474 544 381 -862 -2266
-1171 5852 519 355 -1136 -2287
-1045 5787 569 309 -1242 -2227
-966 5320 677 252 -1166 -2142
-825 4806 797 209 -1048 -2106
-715 4343 806 155 -906 -2150
-733 4251 767 99 -802 -2228
-595 4168 593 13 -727 -2291
-733 4187 524 -9 -621 -2264
-686 4073 632 -10 -647 -2139
-643 3823 663 -45 -657 -1887
-726 3570 683 -61 -568 -1550
-801 3308 750 -47 -541 -1096
-845 3133 817 -32 -545 -617
-833 3210 813 -20 -562 -171
-880 3618 796 -9 -564 342
-880 3855 713 -4 -557 848
-833 3951 827 41 -491 1254
-869 4129 1050 87 -380 1640
-1006 5148 1092 109 -314 2010
-1052 6711 1004 111 -227 2491
-1006 6983 932 95 65 2931
-982 5600 1161 67 536 3085
-977 3984 1526 51 971 2831
-1050 3167 1733 30 1011 2397
-1226 3345 1596 19 616 2108
-1394 4242 1348 12 89 1844
-1195 5258 1132 -57 -171 1583
-1144 6033 973 -110 -3 1385
-1209 5909 1022 -136 335 1193
-1168 4930 1213 -121 579 999
-1110 3978 1449 -79 666 811
-1277 3475 1566 -43 663 644
-1476 3342 1458 -15 484 507
-1370 3477 1312 -5 64 421
-1197 3691 1232 -5 -256 349
-1154 3804 1287 0 -338 315
-1098 3888 1417 -5 -278 305
-1170 4007 1530 -22 -127 280
-1208 4118 1620 -26 -88 211
-1182 4166 1576 -46 -138 70
-1171 4415 1434 -61 -181 -114
-1108 4617 1365 -75 -240 -272
-1077 4594 1318 -93 -241 -449
-648 4353 1212 -97 -258 -618
-1268 4445 1036 -34 -206 -769
-839 4783 994 60 -242 -895
-1240 4923 826 152 -200 -896
-1267 5197 702 284 -244 -827
-1536 5001 718 394 -263 -704
-1564 4291 817 496 -512 -666
-1389 3927 1108 586 -991 -772
-1013 4185 547 470 -1108 -945
-1454 5062 193 425 -736 -1024
-1788 5743 299 451 -776 -960
-1530 5800 319 357 -931 -937
-1404 5274 372 262 -788 -1018
-1299 4765 556 280 -731 -1230
-1171 4349 724 323 -740 -1520
-1082 4167 674 328 -830 -1789
-1080 4206 578 322 -939 -2038
-1061 4314 561 312 -1066 -2181
-881 4386 583 284 -1248 -2239
-869 4323 665 221 -1346 -2165
-715 4097 688 133 -1380 -2003
-697 3788 742 44 -1258 -1759
-673 3486 849 -23 -1080 -1466
-682 3444 927 -75 -977 -1127
-672 3598 875 -137 -911 -760
-679 3796 783 -154 -821 -274
-618 3751 854 -135 -654 180
-621 3753 1057 -85 -382 643
-812 4290 1094 -15 -166 1183
-938 4833 1043 78 -108 1853
-1102 5700 1108 218 -51 2546
-1242 5357 1391 333 97 3225
-1106 4417 1631 358 87 3506
-1373 3597 1760 411 -39 3413
-1506 3724 1590 492 -547 3150
-1343 4913 1493 629 -1421 2903
-1418 5926 1435 635 -2033 2676
-1261 5846 1434 369 -2398 2322
-798 5146 1361 399 -2274 1793
-678 4436 1385 428 -1617 1157
-169 4488 1723 465 -1220 626
-15 4462 1722 370 -428 227
-1103 4273 1918 372 485 16
-1400 4039 2252 462 366 -27
-1526 3750 2242 464 -102 -11
-1511 3615 2117 425 -611 38
-1396 3672 2051 419 -1257 93
-1115 3838 1983 366 -1722 128
-995 3862 1772 282 -1829 103
-949 4105 1495 232 -1846 -2
-820 4479 1093 190 -1830 -238
-894 4570 825 214 -1703 -541
-989 4637 855 351 -1875 -770
-838 4686 952 384 -2323 -741
-763 4602 655 231 -2327 -597
-878 5093 465 106 -1862 -442
-1259 5299 292 28 -1533 -236
-1181 5362 159 -68 -1471 -156
-652 4704 -318 -273 -1675 -132
-862 4431 -480 -310 -2042 -226
-490 4457 -355 -308 -2132 -474
-950 4989 -321 -347 -1688 -709
-1122 5681 -939 -364 -1619 -881
-1394 5247 -961 -265 -1536 -1096
-1428 4974 -636 -81 -1691 -1330
-1262 4751 -323 -13 -1869 -1528
-1508 4794 -89 11 -1691 -1731
-1144 4933 -227 -43 -1745 -1862
-1125 5228 -296 -127 -1349 -1998
-1070 5142 -512 -190 -690 -2189
-998 5051 -503 -103 -168 -2364
-1156 5051 -303 58 237 -2471
-1046 4876 -264 182 207 -2483
-1125 4523 -301 288 117 -2373
-1224 4269 -277 440 -141 -2127
-1233 4200 -271 566 -466 -1802
-1222 4069 -276 631 -737 -1464
-1163 3790 -228 676 -1036 -1058
