-1201 6015 1113 8 -844 1462
-1094 6450 983 -101 -475 1067
-1067 5744 1145 -183 147 767
-1079 4816 1254 -208 579 491
-1208 4155 1433 -137 761 180
-1404 3670 1430 -46 610 -69
-1599 3594 1386 91 136 -198
-1669 3480 1377 258 -463 -224
-1723 3344 1640 416 -1239 -164
-1078 3408 1740 446 -1798 -85
-702 3503 1614 320 -1412 -19
-776 3698 1352 181 -283 37
-1111 4232 975 95 619 43
-1573 4565 702 -30 1384 -92
-2401 4530 332 -116 1230 -292
-2590 4539 209 -16 87 -519
-2121 4692 55 139 -1404 -805
-1965 4797 -298 249 -2341 -1041
-1334 4931 -303 437 -3271 -1280
-1212 5603 -578 522 -3850 -1430
-1072 5898 -1015 414 -4088 -1496
-572 5666 -1135 318 -4152 -1545
-767 4655 -1380 243 -3727 -1773
-701 4382 -1084 384 -3606 -2024
-593 5022 -1678 407 -3711 -2202
-895 5441 -1891 523 -3744 -2230
-734 5634 -1575 717 -4340 -2121
-467 6021 -1537 654 -4488 -1948
-461 6527 -2065 540 -4063 -1709
-294 5853 -1808 632 -3509 -1566
-110 5135 -1237 753 -2902 -1603
-213 4618 -770 815 -2317 -1659
-436 4328 -481 839 -1975 -1722
-532 4120 -405 831 -1828 -1750
-583 4106 -366 840 -1691 -1730
-587 4059 -319 862 -1585 -1593
-691 4008 -209 885 -1503 -1331
-776 3952 -27 939 -1482 -903
-887 3984 292 980 -1495 -393
-842 4003 402 974 -1480 43
-764 3860 427 964 -1327 465
-777 3761 470 1014 -1163 785
-840 3881 628 1096 -1031 1066
-915 3872 742 1165 -1032 1295
-932 3941 765 1211 -1134 1452
-1018 4161 810 1274 -1312 1615
-1146 4281 928 1311 -1624 1788
-1160 4936 988 1328 -2006 1976
-1164 5931 960 1301 -2292 2167
-1021 5554 1089 1228 -2377 2282
-753 4908 1377 1185 -2255 2143
-465 4628 1793 1156 -1869 1707
-900 4814 2134 973 -1319 1133
-1085 5392 1781 806 -1418 713
-502 5818 1499 635 -1614 325
-406 5805 1452 499 -1192 -15
-469 5035 1662 381 -777 -281
-493 4454 1623 276 -548 -515
-599 4123 1577 235 -379 -637
-862 3882 1502 198 -530 -668
-815 3630 1395 129 -809 -605
-864 3535 1207 72 -963 -517
-789 3554 975 14 -964 -385
-955 3836 763 -21 -712 -232
-1182 4095 646 -72 -628 -107
-1198 4185 303 -187 -653 12
-1300 4126 -81 -282 -498 84
-1451 4085 -164 -270 -507 132
-1521 4063 -58 -204 -686 79
-1485 4104 -198 -165 -861 -31
-1425 4132 -441 -135 -1036 -114
-1289 4706 -103 -41 -1177 -179
-1042 5053 -65 -66 -871 -330
-1358 5263 -334 -69 152 -654
-1748 5417 -305 110 613 -980
-1681 5953 -166 434 175 -1288
-1845 7012 -74 643 -535 -1488
-1890 7394 -135 684 -1022 -1594
-1929 5973 -217 661 -1438 -1684
-1823 4463 -173 694 -2032 -1875
-1364 3938 -51 795 -2946 -2152
-889 4411 -8 780 -3583 -2434
-533 5112 -75 648 -3546 -2601
-490 5605 -81 469 -2804 -2665
-664 5593 42 358 -1945 -2527
-674 5076 42 215 -1314 -2255
-839 4437 73 159 -876 -1956
-906 3859 155 162 -724 -1643
-880 3468 262 194 -813 -1367
-837 3301 305 217 -1038 -1150
-726 3226 303 204 -1272 -915
-624 3187 334 193 -1339 -711
-553 3101 397 165 -1283 -439
-498 3034 433 134 -1110 -115
-490 3009 450 119 -854 223
-521 3022 492 120 -501 631
-629 3149 612 141 -186 1067
-744 3528 725 146 38 1506
-860 4165 774 121 150 2073
-947 4952 734 80 252 2622
-862 5267 716 50 453 3150
-852 5883 764 56 852 3549
-1188 7236 875 83 1186 3892
-1460 8588 955 80 1228 4269
-1497 8271 983 48 1285 4501
-1658 6291 1300 28 1468 4319
-1683 4161 1756 28 1304 3631
-1177 3719 1715 14 811 2825
-942 4300 1406 -39 243 2148
-986 5132 1113 -133 -7 1692
-897 5830 777 -314 171 1311
-1103 5927 449 -480 797 974
-1173 5154 486 -552 1348 723
-1095 4176 788 -518 1634 488
-1026 3364 1153 -489 1819 208
-1200 3117 1105 -487 1951 -15
-1530 3257 1085 -375 1807 -183
-1594 3569 1256 -225 1185 -256
-1307 3528 1221 -139 529 -232
-1336 3404 1331 -65 154 -200
-1239 3274 1511 10 -106 -226
-1191 3214 1612 84 -332 -290
-1309 3326 1733 194 -574 -338
-1233 3705 1799 261 -883 -387
-1238 4109 1695 241 -1104 -440
-1104 4244 1410 169 -1214 -501
-1078 4484 1099 109 -1163 -562
-1186 5307 1040 94 -1060 -576
