-784 3888 1012 192 -703 -740
-742 3901 958 145 -725 -872
-711 4038 884 84 -714 -931
-692 4210 908 43 -673 -933
-610 4264 1017 -14 -635 -884
-550 4078 976 -93 -496 -811
-686 3945 979 -142 -328 -725
-775 3878 1060 -163 -337 -603
-785 3997 1170 -170 -501 -443
-657 4209 1172 -222 -621 -241
-538 4548 1069 -287 -526 15
-578 5710 798 -302 -169 292
-787 5996 1012 -217 255 705
-707 4664 1557 -136 456 1085
-939 4468 1836 -17 572 1291
-1030 4595 1997 25 384 1349
-750 4789 1926 18 -30 1222
-41 4783 1541 -126 -203 926
450 4752 1284 -209 192 624
312 4677 1338 -223 779 499
106 4374 1331 -197 1156 541
-278 4043 1331 -96 1267 673
-578 3901 1331 55 968 802
-660 3858 1193 150 259 924
-563 3831 1098 262 -405 995
-500 3827 1081 395 -762 983
-533 3857 1316 498 -834 926
-379 3873 1561 493 -828 858
-224 3841 1411 356 -481 799
-401 3945 1268 261 188 782
-686 4150 1452 254 627 807
-709 4186 1582 208 791 821
-916 4280 1587 159 917 822
-1214 4466 1677 177 861 833
-1287 4639 1926 245 519 853
-1276 4726 1995 270 234 865
-1288 4866 1910 279 2 858
-1350 5200 1906 283 -162 847
-1305 5438 1781 203 -240 813
-1360 5555 1659 110 -248 726
-1424 5097 1645 20 -270 568
-1347 4162 1535 -111 -334 285
-1279 3498 1300 -206 -330 -170
-1324 3817 1064 -229 -402 -602
-1556 4648 1074 -220 -683 -951
-1538 5444 996 -287 -1066 -1181
-1419 5867 798 -416 -1164 -1352
-1336 5868 743 -513 -992 -1581
-1018 5503 685 -558 -895 -1836
-412 5276 911 -563 -777 -2090
-471 4996 832 -658 -264 -2348
-921 4961 728 -649 180 -2625
-1007 5068 726 -623 341 -2857
-960 5033 660 -613 228 -3016
-897 4897 516 -607 96 -3079
-852 4781 672 -548 -67 -3059
-659 4429 834 -530 -195 -2972
-660 4079 876 -546 -224 -2814
-668 3826 867 -544 -252 -2619
-675 3779 814 -496 -313 -2307
-670 3773 832 -435 -357 -1927
-691 3775 977 -363 -399 -1416
-656 3589 1066 -314 -412 -882
-658 3847 1100 -197 -348 -346
-840 4395 1236 -27 -302 406
-837 4926 1385 105 -351 1276
-758 4767 1486 191 -219 2043
-723 3941 1642 215 153 2646
-689 3346 1819 221 424 2884
-733 3319 1709 210 567 2924
-861 4212 1447 230 444 2941
-879 5583 1379 236 143 2989
-672 6223 1354 148 40 2987
-614 5791 1298 -2 442 2878
-768 5140 1059 -116 1129 2586
-892 4980 1103 -69 1501 2253
-921 4989 1310 9 1476 2054
-1071 4857 1468 33 1401 1950
-1380 4594 1424 19 1364 1916
-1553 4188 1654 -26 1244 1884
-1388 3712 1421 -66 992 1835
-1071 3863 1596 -17 518 1803
-1121 3756 1493 -95 579 1754
-1152 3764 1417 -122 729 1685
-1353 3990 1550 -91 862 1633
-1455 4290 1622 -92 866 1574
-1784 4480 1601 -97 871 1484
-1860 4477 1602 -61 637 1342
-1752 4643 1466 -49 349 1054
-1868 5065 1284 -21 246 714
-1984 5941 1077 9 53 307
-2025 6364 969 44 -210 -119
-1665 5424 1044 61 -298 -670
-1214 4240 1036 78 -70 -1283
-1161 3554 997 132 204 -1926
-1328 3578 809 203 129 -2407
-1567 4364 639 305 -189 -2697
-1733 5705 627 404 -817 -2785
-1636 6776 769 358 -1436 -2649
-1319 6818 708 123 -1721 -2406
-746 6245 855 -24 -1600 -2170
-593 5585 920 -74 -1098 -2182
-469 5221 1056 -101 -387 -2437
-933 4944 910 -171 170 -2737
-959 4917 733 -167 -1 -2969
-923 4955 601 -134 -362 -3171
-801 4897 734 -103 -667 -3253
-673 4635 823 -125 -944 -3201
-592 4354 896 -175 -1082 -3028
-627 4044 1008 -215 -1028 -2786
-602 3767 980 -245 -950 -2439
-550 3624 941 -240 -883 -1975
-570 3507 857 -208 -761 -1438
-538 3285 908 -149 -582 -787
-549 2929 1093 -80 -379 -198
-625 2670 1241 -24 -207 396
-672 3296 1135 22 -162 1015
-939 4144 949 109 -147 1730
-915 4753 948 252 -206 2583
-924 4691 1047 374 -7 3345
-874 4212 1212 429 283 3720
-964 4065 1491 478 385 3801
-875 4547 1288 411 209 3758
-933 5761 1018 387 1 3753
-944 6767 706 336 -1 3745
-848 7161 537 295 345 3623
-1078 6683 659 288 1039 3344
-1304 5628 996 305 1439 2916
