-1429 4006 1946 20 -871 147
-1556 4100 1888 -7 -917 33
-1596 4169 1827 -11 -1143 -60
-1602 4177 1696 1 -1453 -168
-1591 4191 1519 28 -1742 -301
-1588 4247 1374 68 -2087 -482
-1506 4375 1178 88 -2448 -651
-1330 4634 993 77 -2752 -854
-1148 4913 753 27 -2754 -1050
-1068 5526 487 -18 -2441 -1228
-1157 6195 495 -49 -1852 -1391
-1161 5506 239 -159 -1132 -1601
-1306 4856 208 -156 -422 -1936
-1464 4560 173 -83 -105 -2358
-1402 4613 -37 3 -379 -2657
-1477 4865 -281 115 -717 -2927
-1379 5193 -456 257 -1037 -3065
-1319 5539 -400 401 -1336 -3067
-1239 5615 -352 463 -1626 -2925
-1267 5673 -315 469 -1904 -2656
-1217 5641 -310 425 -2128 -2268
-1124 5367 -435 313 -2197 -1881
-994 4889 -528 243 -2147 -1484
-805 4402 -471 249 -2037 -1205
-740 4077 -340 301 -1907 -1046
-688 3896 -225 374 -1814 -928
-681 3877 -169 446 -1699 -839
-712 3846 -127 542 -1526 -726
-730 3940 -17 632 -1397 -582
-733 4010 -4 701 -1307 -420
-801 4034 90 787 -1190 -201
-831 4034 350 887 -1155 3
-843 3987 609 975 -1167 208
-884 3990 845 1051 -1198 405
-886 3991 1053 1089 -1251 560
-799 4062 1120 1084 -1238 708
-745 4555 953 1088 -994 888
-956 4872 1108 1178 -713 1141
-974 4435 1516 1250 -649 1411
-1006 4073 1821 1269 -627 1556
-1191 3916 2076 1278 -658 1606
-1241 4200 2180 1309 -979 1597
-1198 4726 2073 1306 -1304 1553
-1339 5390 2112 1355 -1648 1524
-1191 5735 2026 1393 -2095 1487
-1686 5684 2552 1388 -2189 1360
-1958 5059 2465 1236 -2644 1003
-576 4685 2526 1232 -3484 664
188 4516 2469 1059 -3057 259
-218 4434 2301 670 -1640 -62
-1069 4301 2106 464 -826 -190
-1346 4190 1992 292 -1123 -226
-1081 4101 1854 174 -1824 -154
-932 3940 1570 19 -2035 -42
-867 3941 1580 -15 -2089 149
-902 3941 1370 -82 -1804 279
-1114 4026 1230 -117 -1566 399
-1237 4144 1041 -142 -1667 505
-1252 4230 889 -164 -1830 569
-1189 4257 795 -177 -1938 557
-1188 4188 691 -220 -1922 450
-1070 4209 549 -250 -1835 280
-1099 4344 533 -273 -1612 80
-1107 4393 486 -301 -1338 -181
-1115 4492 353 -318 -1040 -479
-1119 4884 186 -288 -646 -852
-1211 5706 160 -197 -295 -1204
-1280 6202 233 -115 -110 -1450
-1332 6319 273 -37 40 -1659
-1539 5421 215 9 166 -1865
-1020 4741 545 182 14 -2071
-1191 4035 626 272 -47 -2373
-673 4231 357 349 -273 -2648
-1274 5049 106 432 145 -2860
-1721 5909 85 573 -29 -2842
-1446 5890 116 569 -642 -2650
-1339 5394 242 505 -819 -2382
-1219 4863 388 454 -834 -2123
-1034 4265 478 372 -806 -1908
-1002 3741 526 359 -743 -1718
-1009 3471 553 373 -749 -1590
-1013 3381 555 393 -889 -1429
-935 3353 573 393 -1093 -1207
-878 3288 611 377 -1209 -938
-886 3198 669 351 -1296 -561
-815 3108 707 322 -1371 -125
-774 2998 753 293 -1338 275
-738 3057 774 266 -1189 710
-779 3379 863 250 -1040 1124
-895 3794 928 217 -908 1620
-882 4238 903 181 -796 2064
-787 4668 922 161 -605 2366
-788 5397 838 141 -303 2628
-838 6265 839 147 -30 2887
-890 7251 697 145 373 3124
-1228 7516 871 193 926 3387
-1465 6164 1357 217 1165 3419
-1588 4089 1957 211 988 3096
-1292 3296 1710 124 529 2432
-1051 3756 1405 143 23 1760
-615 4541 1117 138 -230 1253
-765 5418 884 90 -54 837
-1110 5862 979 15 282 566
-1115 5095 1187 -40 548 464
-1116 4224 1484 -20 636 357
-1057 3608 1703 2 623 246
-1144 3496 1749 5 548 146
-1097 3515 1590 7 334 88
-1061 3611 1502 3 141 85
-994 3723 1485 -4 -21 117
-898 3691 1490 -31 -52 169
-919 3641 1480 -61 65 197
-1003 3690 1566 -54 170 195
-1044 3754 1607 -52 126 170
-1046 3768 1507 -49 52 105
-1097 3838 1434 -25 8 22
-1091 3957 1427 0 -60 -35
-1107 4106 1371 -2 -77 -63
-1164 4350 1227 -12 -27 -92
-1316 5165 1126 22 -4 -122
-1616 6169 1102 39 -70 -140
-1586 6972 1145 29 -96 -229
-1761 6751 1248 -14 -50 -397
-1513 5417 1351 -81 -71 -829
-1212 4322 1292 -117 -19 -1438
-864 4427 1194 -106 -136 -2115
-1003 5148 1022 -118 -241 -2578
-1172 6112 867 -156 -367 -2866
