-868 3258 450 -636 563 162
-949 3265 411 -522 445 605
-986 3406 380 -386 288 1072
-1032 3642 439 -245 106 1543
-1038 3927 491 -140 -10 2010
-1011 4262 490 -53 -44 2395
-1015 4654 434 18 35 2760
-1145 5611 449 78 172 3078
-1209 6407 378 92 311 3436
-1260 6611 444 96 519 3727
-1240 5735 626 107 797 3772
-1251 4513 925 118 1121 3474
-1367 4146 1227 136 1224 2972
-1399 4906 1163 156 911 2516
-1217 5597 845 52 632 2026
-991 5855 475 -31 796 1535
-975 5594 383 -64 1307 1012
-1140 4875 552 -87 1666 612
-1169 4161 749 -66 1667 344
-1300 3692 855 -23 1605 122
-1198 3502 1018 9 1448 -62
-1076 3440 786 -15 1333 -140
-1247 3552 665 4 1313 -107
-1165 3684 975 103 1121 -9
-882 3815 1139 110 1094 119
-965 3798 934 11 1556 229
-1113 3777 1208 70 1882 296
-910 3977 1819 93 2144 273
-929 4198 1677 -79 2769 158
-2098 4312 1555 -115 3197 92
-2388 4488 1964 74 2136 29
-1944 4774 1626 66 917 -77
-2027 6011 1522 115 155 -169
-2182 7192 1290 49 -354 -299
-1943 7585 1059 -152 -697 -435
-1111 6258 693 -379 -650 -716
-960 4781 938 -472 -321 -1111
-549 4151 1201 -395 -297 -1636
-1436 4122 329 -407 -523 -2139
-1473 5069 253 -156 -1021 -2594
-1207 5842 -162 -48 -1618 -2922
-999 6262 -404 -16 -1582 -3125
-901 6046 -318 9 -1235 -3147
-1024 5409 -195 30 -905 -3040
-1058 4884 -207 46 -851 -2881
-1048 4473 -241 76 -988 -2716
-982 4251 -195 127 -1271 -2563
-812 4072 -126 136 -1594 -2383
-611 3793 -174 91 -1679 -2216
-513 3558 -186 76 -1518 -1990
-527 3360 -15 111 -1262 -1686
-562 3116 126 133 -1078 -1354
-593 2910 136 144 -885 -936
-701 2960 185 198 -734 -475
-822 3238 309 283 -709 -6
-894 3508 443 350 -807 569
-929 3827 596 425 -897 1085
-1057 4171 884 546 -983 1660
-1109 4542 1196 653 -1162 2195
-947 5349 1455 727 -1278 2642
-765 6197 1266 739 -1038 3121
-810 6582 1307 838 -482 3495
-953 5354 1692 924 75 3700
-1118 4108 1922 937 352 3499
-1427 3763 1993 961 216 3127
-1778 4448 1987 1077 -772 2804
-1612 5373 1977 1106 -2110 2471
-248 5846 1335 1011 -2620 2101
-2335 6280 1675 818 -1575 1659
-747 5285 1649 568 -1547 1281
-371 4722 1945 658 -1184 1104
-1306 3998 1978 482 -451 941
-1280 3778 2015 482 -845 807
-1473 3671 1807 378 -1001 638
-1314 3718 1676 314 -1402 513
-1079 3933 1887 236 -1631 428
-792 3932 1660 3 -1448 347
-1018 3878 1506 -168 -973 283
-1205 3852 1446 -267 -721 179
-1340 3970 1315 -364 -758 10
-1409 4198 1179 -421 -926 -142
-1447 4459 1029 -460 -1217 -307
-1414 4684 885 -496 -1458 -509
-1206 5032 813 -520 -1574 -721
-976 5371 572 -597 -1351 -997
-1069 6096 419 -606 -891 -1268
-1247 7181 364 -573 -394 -1534
-1484 7273 448 -560 94 -1744
-1574 5667 372 -555 141 -1921
-843 4728 448 -441 -562 -2104
-1105 4825 374 -425 -726 -2434
-1191 5554 289 -435 -621 -2705
-1096 6316 -188 -457 -856 -2850
-1009 6314 -246 -409 -872 -2901
-886 5802 -79 -338 -656 -2946
-714 5241 290 -207 -629 -2978
-745 4806 383 -153 -639 -2998
-868 4548 280 -113 -651 -2981
-831 4405 171 -25 -871 -2902
-735 4301 119 25 -1104 -2756
-558 4109 61 34 -1224 -2562
-427 3853 32 24 -1122 -2290
-408 3474 125 59 -856 -1981
-481 3067 343 140 -561 -1577
-580 2814 552 219 -395 -1129
-620 2697 625 262 -393 -673
-647 2728 635 304 -446 -96
-764 3072 742 347 -503 536
-863 3517 871 399 -562 1111
-876 3774 1142 475 -673 1729
-751 3965 1350 492 -746 2221
-655 4858 1400 526 -638 2739
-571 6051 1153 574 -270 3319
-451 7124 892 662 333 3861
-741 7007 1358 778 1287 4412
-1055 5864 1985 765 1898 4622
-1239 4940 1989 614 2206 4427
-1620 5137 2091 551 1905 4022
-1753 5541 1993 495 916 3579
-1370 5979 1581 422 -204 2953
-1144 6263 1228 407 -578 2293
-953 5981 1181 402 -560 1795
-692 5103 1515 364 -246 1396
-830 4422 1721 265 401 1083
-1255 3898 1829 173 957 862
-1489 3621 1855 113 920 651
-1473 3580 1759 73 543 516
-1326 3665 1595 14 119 416
