-928 4069 1174 342 -1003 -762
-847 3821 1341 265 -1101 -394
-680 3774 1174 158 -1177 -53
-528 4493 808 114 -1042 305
-692 4391 849 189 -622 806
-495 3736 1298 283 -261 1208
-736 3722 1685 413 98 1557
-1214 3885 1955 493 99 1944
-1247 4217 2139 559 -423 2308
-1104 4661 2022 485 -885 2486
-677 4873 1716 332 -999 2505
-451 4942 1518 275 -727 2451
-560 4899 1536 247 -227 2374
-643 4675 1737 213 126 2249
-782 4476 1872 141 386 2103
-1116 4347 1826 47 615 1917
-1158 4314 1690 9 550 1764
-1527 4518 2013 19 516 1609
-1408 4187 1840 -116 420 1408
-1321 4288 1811 -79 104 1294
-1384 4172 1758 -96 -42 1164
-1255 4010 1732 -79 -256 1008
-1327 3992 1681 -83 -210 849
-1345 3956 1618 -76 -260 669
-1415 3981 1533 -67 -309 507
-1443 4029 1439 -36 -396 323
-1410 3967 1359 5 -504 130
-1395 3963 1228 44 -563 -69
-1430 4305 976 103 -601 -314
-1603 5131 593 200 -700 -523
-2025 5929 235 396 -1003 -666
-2592 6823 775 721 -2096 -831
-1320 5593 761 704 -3552 -1086
-704 4566 652 577 -4053 -1553
-558 4173 507 424 -3687 -2046
-273 4440 360 262 -3190 -2426
-479 5086 317 115 -2158 -2676
-791 5634 419 34 -1182 -2689
-1224 5661 531 -58 -871 -2494
-1097 5378 548 -186 -808 -2226
-1222 4905 549 -288 -520 -1959
-812 4391 613 -351 -412 -1786
-685 4025 406 -404 -159 -1716
-897 3870 305 -355 185 -1693
-938 3940 303 -210 166 -1657
-960 3932 278 -49 -32 -1565
-1027 3842 168 127 -246 -1410
-1052 3828 292 371 -612 -1175
-1026 3856 525 581 -1085 -936
-886 3748 588 660 -1482 -676
-863 3763 561 719 -1682 -423
-819 3901 629 752 -1822 -111
-838 4146 850 727 -1906 207
-745 4330 1049 619 -1925 512
-516 4254 1128 430 -1699 751
-312 4467 1102 291 -1184 935
-301 5205 1042 209 -412 1251
-386 6288 892 193 308 1705
-757 6528 1363 227 1106 2334
-1082 4673 2086 172 1597 2704
-1174 3337 2408 72 1721 2614
-1403 3393 2217 21 1477 2275
-1266 4366 2007 58 464 2016
-943 5513 1787 51 -437 1894
-713 5936 1472 -71 -507 1742
-870 5368 1350 -171 6 1602
-1065 4555 1541 -216 454 1396
-1058 3906 1761 -201 535 1124
-1138 3674 1858 -174 424 875
-1329 3690 1771 -164 217 643
-1410 3876 1632 -159 -93 451
-1166 3972 1517 -149 -532 305
-1009 3921 1454 -141 -675 181
-994 3849 1467 -120 -646 62
-1013 3829 1522 -76 -633 -14
-1061 3749 1498 -33 -640 -93
-1140 3760 1423 21 -701 -176
-1202 3864 1318 86 -862 -264
-1198 3904 1193 136 -1067 -353
-1177 3919 1063 197 -1253 -460
-1064 4250 861 267 -1271 -594
-1187 4725 793 347 -1021 -717
-1403 5495 763 365 -832 -826
-1590 6183 715 340 -872 -867
-1726 6058 601 253 -993 -917
-1555 5203 500 184 -1188 -1078
-1178 4501 396 155 -1265 -1464
-966 4503 385 185 -1168 -1888
-995 4994 391 229 -1150 -2144
-1054 5504 345 256 -1178 -2248
-1106 5725 364 249 -1086 -2241
-1076 5507 430 220 -970 -2147
-953 5053 426 162 -838 -2024
-830 4567 446 139 -729 -1931
-803 4159 470 146 -673 -1858
-763 3913 480 167 -712 -1806
-690 3798 467 197 -767 -1760
-679 3762 462 227 -779 -1666
-634 3696 451 262 -792 -1479
-727 3734 525 316 -786 -1190
-901 3853 781 373 -879 -733
-1041 3916 1155 412 -1148 -258
-1012 3916 1337 423 -1540 244
-884 3960 1428 382 -1744 626
-679 4380 1230 316 -1700 911
-587 5198 959 336 -1289 1321
-767 4656 1308 423 -843 1726
-770 3627 1985 510 -548 2030
-1037 3365 2407 561 -436 2131
-1137 3840 2381 524 -667 2135
-983 4338 2147 433 -1111 2121
-811 4837 1834 326 -1190 2076
-672 5340 1552 220 -936 1998
-708 5559 1357 144 -531 1899
-872 5513 1372 122 -40 1766
-1045 5053 1567 139 377 1542
-1269 4392 1788 154 702 1270
-1431 3880 1817 140 715 917
-1493 3653 1620 137 497 604
-1606 3698 1270 176 125 332
-1624 3859 1225 238 -270 136
-1422 3963 1074 240 -512 16
-1444 3963 958 236 -439 -52
-1484 3946 980 270 -317 -82
-1579 3983 938 317 -273 -121
-1606 4010 837 374 -280 -201
-1935 4014 636 432 -320 -325
-1598 4077 658 536 -766 -521
