-2447 3284 338 1258 -2599 -1811
-1787 3288 934 1210 -2695 -1592
-1494 2774 735 1079 -2441 -1253
-2816 3681 1196 1127 -1943 -856
-4270 6585 1633 978 -2444 -584
-2702 6680 1487 107 -3259 -535
-1769 6036 874 -612 -2612 -604
-1143 4833 592 -980 -1780 -727
-528 4010 787 -1093 -1114 -757
-646 3623 845 -1071 -236 -701
-960 3664 685 -968 464 -507
-1543 3623 588 -908 1061 -126
-2401 3075 290 -907 1135 259
-2719 2663 383 -824 737 596
-2439 2844 461 -787 900 957
-2550 2790 359 -867 1001 1122
-1080 3052 553 -728 314 1364
-1281 3214 647 -680 756 1524
-1279 3473 863 -633 827 1664
-1101 3872 929 -723 728 1791
-1010 4169 767 -914 871 1988
-891 4786 534 -981 1056 2374
-912 5053 456 -1039 1372 2879
-859 5321 476 -1087 1896 3497
-840 5860 343 -1161 2591 4040
-968 6623 166 -1253 3607 4601
-1211 6976 43 -1338 4698 4973
-1369 6830 -15 -1418 5653 4970
-1745 6129 297 -1550 6419 4597
-2013 5433 612 -1756 6135 3972
-1977 5044 435 -1898 4661 3338
-1756 5173 -80 -1837 2967 2860
-1547 5682 -516 -1595 1603 2409
-1389 6133 -673 -1334 1067 2062
-1030 5818 -515 -1056 1063 1771
-904 5183 -265 -835 1570 1561
-1170 4354 -42 -670 2136 1432
-1389 3964 84 -523 2405 1301
-1462 3657 75 -405 2233 1227
-1461 3570 -55 -285 1879 1207
-1321 3716 -114 -144 1491 1189
-1097 3917 98 -30 1464 1130
-756 4164 213 57 1910 955
-659 4177 336 115 2785 668
-922 4123 619 214 3585 388
-1282 3990 719 339 3906 131
-1728 3981 1039 516 3564 -4
-1719 4135 1537 747 2775 -34
-1771 4607 1852 840 2018 43
-1949 4839 1946 820 1476 154
-1739 4865 1766 724 904 146
-1557 5037 1409 632 719 47
-1305 5370 1260 531 656 -2
-1844 5709 1283 452 648 5
-2108 5917 1470 338 257 -25
-1964 5570 1757 232 -337 -129
-2117 4810 1749 93 -761 -430
-1294 4332 1790 34 -1293 -853
-725 4312 1816 -76 -1501 -1335
-560 4548 1858 -304 -1291 -1713
-603 4737 1516 -641 -560 -2096
-701 4940 1237 -850 76 -2417
-804 5125 1107 -987 577 -2652
-763 5275 1180 -1069 772 -2763
-652 5131 1109 -1199 844 -2766
-746 4869 1048 -1242 994 -2648
-895 4645 1165 -1213 1034 -2486
-730 4291 1174 -1197 968 -2285
-793 3940 1151 -1137 983 -2045
-792 3609 1123 -1057 841 -1808
-739 3312 1043 -967 573 -1505
-688 3220 947 -888 346 -1123
-685 3166 859 -788 206 -675
-666 3159 763 -671 138 -95
-727 3216 755 -536 166 474
-752 3304 741 -389 337 1098
-692 3250 628 -257 741 1695
-960 3947 867 -96 1143 2308
-1291 5554 854 -82 1313 3069
-1303 6462 417 -270 1481 3808
-1683 5762 213 -458 1738 4279
-1802 4746 590 -486 1454 4360
-1519 4369 958 -395 884 4055
-1230 4987 1119 -285 380 3589
-1356 5792 1155 -200 -41 3122
-974 5906 940 -209 -170 2532
-545 5715 745 -228 435 1708
-526 5288 667 -262 1311 989
-801 4742 658 -289 1785 534
-910 4240 678 -294 1992 200
-1110 3967 735 -259 2058 47
-1189 3653 645 -256 1951 49
-1386 3473 632 -198 1766 238
-1327 3327 605 -164 1587 490
-1467 3533 919 -76 1470 773
-1242 3486 1002 -79 1291 986
-1225 3517 890 -78 1257 1050
-1348 3596 1158 7 1293 1018
-1220 3923 1515 87 1148 888
-1245 4216 1541 84 1177 672
-1462 4571 1735 143 1171 406
-1398 4819 1662 150 983 171
-1230 4911 1430 96 960 -79
-1527 5337 1337 131 1042 -255
-1697 5610 1381 148 911 -390
-1842 5758 1301 114 718 -476
-2101 5003 1215 108 449 -550
-1904 4118 1031 84 8 -831
-1709 3905 852 117 -431 -1210
-1613 4579 729 205 -1149 -1471
-1557 5749 769 220 -2051 -1541
-1374 6376 859 103 -2694 -1585
-942 6354 735 -87 -2744 -1683
-809 6008 703 -235 -2214 -1897
-627 5585 783 -329 -1672 -2162
-299 5158 884 -398 -1374 -2392
-511 4946 825 -470 -603 -2713
-885 4874 575 -494 -7 -2996
-1035 4818 445 -420 203 -3166
-985 4786 555 -302 27 -3226
-832 4548 661 -261 -296 -3191
-791 4261 756 -276 -549 -3042
-695 3789 671 -336 -659 -2825
-704 3413 773 -280 -662 -2571
-771 3204 894 -203 -644 -2194
-806 2988 865 -186 -822 -1672
-773 2783 727 -110 -1000 -1091
-880 2591 509 44 -1118 -356
