-260 3089 -3467 -5655 1010 324
-684 3249 -1655 -4595 1119 1123
-1314 3264 1112 -4447 209 2135
-1177 3482 534 -4235 1130 2480
-1514 4325 520 -3756 2955 2719
-2312 4277 -62 -3482 4397 2749
-1712 3820 -250 -2900 3884 2884
-1358 3673 -324 -2141 3419 3107
-1385 3630 -73 -1110 3132 3385
-1836 4118 715 -216 3119 3579
-2294 4878 1758 458 2621 3679
-2467 5098 2276 641 1765 3647
-2023 5183 2114 626 862 3539
-1897 5479 1923 668 184 3451
-1954 5488 1841 685 -361 3272
-1584 5189 1510 596 -537 2912
-1567 4926 1152 540 -206 2346
-1652 5035 1242 530 43 1646
-1457 4990 1328 488 155 972
-1403 5242 1335 386 464 198
-1682 5593 1526 312 601 -399
-1347 5320 1677 169 533 -988
-1111 4769 1621 -27 927 -1541
-1333 4457 1586 -147 1338 -1972
-1335 4464 1565 -216 1250 -2350
-1315 4724 1532 -325 919 -2585
-890 4815 1369 -436 611 -2611
-1143 4965 1513 -430 388 -2547
-1143 4895 1464 -568 131 -2468
-808 4925 1558 -603 -223 -2252
-707 5006 1755 -668 -113 -2135
-692 4912 1788 -794 338 -2010
-717 4842 1602 -868 587 -1887
-837 4698 1507 -853 694 -1755
-829 4518 1542 -808 531 -1643
-768 4265 1564 -778 354 -1550
-724 4100 1532 -772 152 -1429
-663 3996 1449 -775 0 -1293
-647 3987 1526 -776 -66 -1083
-562 3987 1474 -841 -77 -778
-469 4002 1277 -929 100 -438
-583 4408 978 -935 509 65
-833 4966 972 -847 853 762
-938 4962 1076 -823 1146 1426
-1037 4373 1210 -775 1439 1889
-1129 3860 1480 -718 1598 2150
-1128 3469 1627 -702 1377 2199
-1058 3783 1456 -705 929 2186
-886 4909 1203 -708 568 2249
-777 5581 994 -783 592 2299
-601 5607 756 -906 1087 2233
-745 5282 606 -977 1941 1953
-973 4940 735 -944 2457 1563
-933 4450 1020 -860 2434 1157
-858 4066 1171 -793 2265 871
-953 3842 954 -777 2190 642
-1132 3718 815 -712 2078 521
-1098 3680 784 -645 1826 528
-1020 3602 791 -590 1608 636
-1018 3521 753 -544 1590 793
-1110 3412 905 -450 1611 959
-1135 3254 1037 -355 1537 1101
-1122 3329 1072 -266 1406 1201
-1268 3571 1182 -135 1233 1322
-1324 4076 1466 21 944 1441
-1286 4549 1615 111 725 1540
-1250 4862 1530 130 654 1619
-1327 4949 1550 181 666 1669
-1255 4862 1758 265 642 1649
-1320 5054 1876 314 709 1548
-1651 5694 1878 329 683 1502
-1722 5655 1896 312 387 1466
-1531 5031 1822 263 222 1249
-1565 4471 1780 229 269 872
-1571 4340 1803 229 85 393
-1421 4307 1828 192 -254 -25
-1343 4281 1646 58 -351 -404
-1593 4488 1458 -76 -226 -814
-1545 4874 1321 -162 -420 -1107
-1342 5140 1200 -261 -640 -1362
-1291 5256 1101 -353 -529 -1600
-1199 5187 1015 -396 -348 -1851
-835 5034 974 -416 -171 -2152
-927 4922 1019 -449 247 -2471
-867 4954 985 -438 523 -2749
-1172 4818 872 -414 760 -2951
-1295 4819 731 -354 808 -3099
-1346 4787 709 -298 675 -3145
-1373 4673 795 -248 423 -3119
-1252 4466 931 -228 43 -3009
-1132 4206 941 -272 -175 -2867
-1062 3945 904 -316 -320 -2635
-932 3811 1012 -339 -444 -2315
-704 3650 909 -431 -365 -1959
-757 3399 857 -485 107 -1512
-1030 3121 883 -428 501 -1083
-1175 2820 979 -353 559 -632
-1385 2774 1189 -202 343 -156
-1397 3151 1355 -106 -61 362
-1299 3873 1315 -113 -376 1123
-1268 4498 1207 -158 -349 1973
-1401 4901 1226 -149 -103 2694
-1348 4432 1427 -140 175 3227
-1332 4049 1766 -87 228 3414
-1410 4310 1936 -82 17 3462
-1297 5275 1821 -154 -449 3508
-1055 6174 1522 -241 -642 3497
-802 6173 1207 -365 -155 3263
-862 5494 1268 -422 685 2751
-951 4534 1393 -476 1323 2170
-746 4072 1390 -536 1400 1612
-877 4103 1298 -539 1435 1280
-1080 4206 1173 -582 1576 1012
-1284 4338 1067 -614 1641 839
-1389 4322 1049 -609 1572 762
-1507 4237 1408 -540 1305 739
-1392 4062 1834 -484 878 731
-1317 3730 1953 -449 463 715
-1208 3520 1933 -416 167 695
-1053 3521 1808 -394 1 716
-1031 3508 1557 -364 16 798
-1194 3498 1281 -268 90 968
-1517 3624 1317 -94 32 1157
-1543 3737 1462 63 -265 1296
-1428 3758 1446 159 -599 1312
-1394 4303 1306 222 -754 1208
-1459 5374 1217 293 -912 1155
-1318 6159 1385 307 -971 1094
