-1731 6448 1170 299 -237 -607
-1651 5187 1312 304 -192 -1182
-1491 4057 1166 282 -231 -1712
-1432 3806 756 301 -292 -2171
-1609 4442 506 447 -404 -2488
-1661 5413 521 620 -1008 -2600
-1551 5994 653 667 -1703 -2502
-1367 5940 805 577 -2119 -2341
-1260 5451 882 439 -2140 -2247
-1033 5038 950 303 -2115 -2225
-719 4718 860 145 -2026 -2264
-714 4588 719 -5 -1717 -2357
-629 4606 633 -127 -1500 -2411
-566 4562 634 -232 -1230 -2438
-587 4475 643 -310 -986 -2414
-571 4288 633 -354 -816 -2339
-627 3956 651 -367 -705 -2197
-621 3662 671 -358 -664 -2038
-656 3422 628 -332 -645 -1809
-645 3346 556 -290 -684 -1490
-596 3401 483 -241 -691 -1052
-588 3367 508 -181 -586 -591
-658 3193 632 -82 -412 -25
-766 3031 766 36 -282 491
-836 3580 700 209 -229 1116
-982 4643 587 442 -239 2011
-1189 5745 656 694 -237 3012
-1588 5747 1400 1041 -184 4035
-1796 4432 2760 1213 -486 4538
-1972 2992 3478 1200 -1335 4402
-1460 3770 3002 1136 -2362 3972
-1406 5559 1907 957 -2879 3559
-1451 6442 1466 829 -3130 2911
-953 6315 1639 741 -2824 2070
-789 5797 1698 581 -2091 1258
-988 5077 1938 517 -1761 585
-1208 4358 2201 517 -2128 160
-861 4041 2347 557 -2536 -61
-1022 4038 2220 498 -2412 -253
-1230 4034 1951 443 -2241 -331
-1223 3949 1638 420 -2271 -310
-1155 3779 1410 415 -2336 -244
-1221 3664 1243 412 -2406 -164
-1261 3755 1068 386 -2543 -94
-1280 3941 836 331 -2674 -40
-1231 4111 680 240 -2739 -13
-1216 4249 507 132 -2661 2
-1247 4434 168 3 -2430 -25
-1331 4523 114 -104 -2141 -165
-1278 4733 -148 -244 -1933 -355
-1374 5159 -560 -399 -1560 -568
-1504 6001 -1077 -539 -1125 -794
-2019 6537 -1561 -602 -989 -1013
-1695 6555 -1736 -582 -1284 -1286
-1418 6101 -2415 -478 -1082 -1653
-1345 5088 -2148 -133 -1053 -1905
-1023 4581 -1380 411 -1572 -2084
-1344 4271 -939 710 -1764 -2349
-1282 4372 -701 1034 -1934 -2623
-1208 5012 -733 1285 -2044 -2873
-1327 5504 -964 1380 -2217 -2944
-1258 5665 -1186 1383 -2675 -2860
-1126 5493 -1258 1350 -3034 -2651
-1033 5082 -1096 1287 -3194 -2387
-823 4565 -782 1163 -3214 -2052
-693 4034 -487 1033 -3032 -1676
-676 3622 -332 918 -2823 -1329
-733 3239 -252 838 -2663 -938
-744 3142 -214 811 -2569 -593
-779 3188 -150 805 -2523 -224
-838 3495 -79 807 -2530 120
-822 3706 33 785 -2535 526
-850 4097 230 774 -2459 892
-902 4819 476 748 -2324 1264
-764 5150 634 699 -2062 1564
-640 5392 762 689 -1629 1741
-516 5612 865 693 -926 1816
-500 5641 1132 683 -263 1725
-428 5481 1322 607 391 1542
-427 5079 1234 535 1004 1324
-866 4515 1612 596 1305 1157
-1275 4232 1937 665 966 1004
-1399 4321 2125 678 243 898
-1509 4703 2290 701 -547 863
-1407 4995 2408 645 -1441 804
-1080 5008 2247 497 -1971 673
13 4597 1568 350 -1999 444
-1838 4735 2387 228 -929 180
-1352 4246 1945 -64 -1296 -94
-107 4341 1806 42 -2214 -118
-820 4460 1772 -9 -1449 -133
-1051 4368 1712 -94 -1558 -139
-620 4127 1619 -204 -1959 -195
-515 3890 1450 -348 -1743 -269
-337 3583 1404 -470 -1433 -322
-550 3419 1382 -577 -975 -296
-652 3277 1343 -652 -724 -207
-798 3448 1268 -704 -520 -50
-823 3821 1197 -730 -348 162
-888 4110 1097 -738 -130 367
-909 4320 1014 -707 203 509
-1034 4354 1005 -627 535 517
-1470 4581 950 -496 859 307
-1664 5203 772 -316 993 -175
-1648 5455 880 -70 904 -673
-1653 5651 1206 221 551 -1092
-1780 5004 1537 414 122 -1329
-1794 4099 1590 523 -253 -1577
-1708 3226 1453 568 -396 -1857
-1557 3322 1009 609 -455 -2131
-1855 4229 861 709 -511 -2135
-2286 5306 929 783 -846 -1833
-2514 5960 1025 728 -1414 -1421
-2349 5691 1225 586 -1875 -1183
-1902 5204 1405 428 -2221 -1204
-1612 5004 1468 313 -2556 -1411
-1107 4691 1263 115 -2959 -1657
-557 4440 1127 -89 -2957 -1917
-463 4403 1122 -247 -2573 -2069
-400 4430 1201 -394 -2157 -2090
-309 4025 1280 -542 -1775 -1966
-222 3851 1207 -658 -1339 -1811
-314 3603 1193 -727 -799 -1522
-316 3335 1221 -733 -442 -1144
-422 2910 1259 -656 -160 -711
-516 2922 1221 -514 18 -173
-569 3017 1197 -344 126 369
-638 3117 1214 -134 234 989
