-1297 4209 1276 -83 -231 202
-1342 4744 1089 -27 -73 -181
-1589 5102 1084 72 -27 -369
-1596 5279 954 142 -80 -525
-1862 5199 1045 257 -68 -725
-1842 4827 1112 341 -277 -966
-1781 4256 1121 405 -693 -1272
-1623 4036 865 440 -1209 -1681
-1596 4882 597 491 -1669 -2035
-1726 6208 521 515 -2106 -2270
-1470 7017 530 463 -2661 -2391
-990 7238 447 265 -2618 -2426
-928 6837 478 106 -2039 -2478
-796 6192 748 26 -1455 -2592
-602 5527 897 -67 -919 -2784
-793 5085 796 -131 -380 -3016
-1025 4908 689 -108 -216 -3215
-999 4949 776 -62 -457 -3372
-827 4884 695 -106 -734 -3394
-859 4810 617 -177 -924 -3309
-741 4592 760 -217 -1068 -3124
-685 4242 932 -287 -1122 -2886
-573 3835 923 -378 -1054 -2577
-544 3427 919 -407 -928 -2265
-492 3121 920 -398 -826 -1913
-400 3038 848 -366 -698 -1463
-443 2962 827 -297 -443 -802
-430 2631 886 -199 -185 -174
-604 2429 1164 -79 118 410
-823 2618 1168 0 291 1039
-912 3790 1078 123 179 1720
-832 4785 916 232 62 2540
-954 5933 920 379 217 3592
-1053 5895 1137 469 645 4385
-929 5220 1481 471 1103 4772
-1119 4775 1942 449 1430 4813
-1468 4673 1872 275 1226 4588
-1123 5138 1410 200 486 4312
-983 6071 1227 206 -45 3967
-812 6793 946 126 27 3450
-781 7069 724 83 582 2861
-1040 6548 875 88 1169 2188
-961 5569 1281 136 1288 1685
-930 4792 1505 165 1298 1345
-1051 4184 1490 107 1411 1091
-1373 3857 1414 72 1473 898
-1407 3706 1393 40 1206 857
-1196 3540 1343 -38 889 906
-1077 3426 1188 -111 873 975
-1117 3454 1165 -131 1041 1033
-1271 3537 1319 -111 1146 1075
-1411 3545 1378 -86 1091 1079
-1543 3644 1578 24 942 1040
-1601 3762 1704 111 766 938
-1635 3945 1676 130 576 748
-1726 4083 1459 119 379 437
-1723 4464 1223 109 159 74
-1661 4848 1042 118 -65 -385
-1535 5334 980 125 -213 -837
-1602 6051 1021 126 -298 -1286
-1549 6302 1033 72 -404 -1650
-1333 5890 970 5 -398 -2022
-1135 5326 914 -35 -220 -2447
-1103 5291 938 -10 -122 -2805
-1173 5838 969 14 -248 -3080
-1249 6567 866 3 -498 -3195
-1185 6748 746 -64 -770 -3186
-1079 6470 824 -128 -914 -3128
-836 6011 974 -217 -951 -3076
-603 5541 1005 -336 -849 -3046
-621 5153 1073 -414 -659 -3018
-622 4907 1190 -489 -606 -2966
-550 4736 1204 -632 -649 -2856
-472 4554 1152 -776 -640 -2681
-528 4376 1123 -901 -540 -2379
-511 4197 1148 -1001 -495 -1992
-507 4011 1190 -1083 -442 -1570
-536 3832 1193 -1156 -392 -1046
-560 3695 1107 -1200 -360 -502
-566 3637 1045 -1218 -357 -15
-473 3751 927 -1235 -357 534
-438 4040 850 -1251 -235 1083
-477 4398 795 -1289 62 1775
-431 4379 650 -1363 518 2484
-312 4186 415 -1441 1154 2995
-546 4341 223 -1480 2065 3443
-677 4612 164 -1490 2687 3834
-834 5055 48 -1443 3102 4154
-1156 5660 93 -1357 3583 4477
-1408 6037 263 -1325 3821 4669
-1613 6225 352 -1381 3794 4736
-1663 6187 402 -1488 3421 4637
-1332 6073 763 -1550 2846 4420
-554 6054 461 -1683 2805 3997
-679 6262 -393 -1808 4026 3416
-1472 6366 -292 -1726 4977 2770
-1165 6064 -160 -1647 4904 2177
-1229 5532 -198 -1588 4916 1598
-1565 4976 -211 -1484 4694 1200
-1669 4522 -156 -1333 3905 1005
-1613 4215 -87 -1177 3007 959
-1390 3904 -173 -1075 2352 1026
-1363 3818 -180 -930 1962 1178
-1177 3697 -45 -780 1769 1362
-1005 3820 103 -611 1795 1516
-1032 3912 56 -498 2059 1674
-1287 3931 158 -328 2272 1788
-1344 4002 361 -102 2245 1880
-1514 4045 413 90 2117 1944
-1730 4011 758 331 1823 2000
-1572 4037 1185 596 1418 2015
-1573 4410 1480 735 1410 1938
-2048 5203 1874 810 1498 1862
-1951 5063 1875 749 1237 1719
-1925 4794 1576 667 1267 1384
-2155 4686 1476 669 1305 872
-2199 4774 1481 693 946 312
-2403 4996 1482 694 558 -152
-2452 5582 1565 705 13 -591
-2003 5856 1712 690 -431 -929
-1906 5537 1604 529 -409 -1238
-1704 5020 1544 433 -498 -1619
-594 4923 1783 375 -898 -1848
-1180 4748 1380 132 -727 -2090
-1232 4858 1483 -3 -434 -2495
-1085 4870 1258 -63 -400 -2748
-1019 5049 1074 -144 -339 -3007
-964 5133 1000 -237 -196 -3114
