-1275 4184 806 37 -144 2354
-1298 4636 762 99 -325 2774
-1255 5878 661 173 -484 3194
-1239 6963 510 255 -518 3623
-1197 7171 666 353 -374 4074
-1410 6461 1337 435 -89 4340
-1299 5385 1661 390 96 4282
-1352 4602 1525 306 410 3901
-1489 4694 1412 294 582 3405
-1465 5126 1335 263 457 2723
-1059 5736 1605 184 638 1908
-1178 4906 1109 -84 1033 1142
-927 4655 1099 -31 869 532
-1052 4305 1158 -158 1301 127
-1187 4068 1187 -198 1390 -189
-1393 3957 1111 -218 1403 -354
-1508 3965 1141 -189 1210 -377
-1496 3796 1285 -158 835 -302
-1400 3506 1456 -141 508 -177
-1295 3285 1496 -131 349 -109
-1197 3441 1453 -112 159 -80
-1117 3774 1454 -96 -38 -78
-1007 4029 1362 -129 -115 -126
-979 4210 1366 -146 -48 -224
-938 4250 1388 -142 26 -337
-1082 4291 1431 -117 87 -472
-882 4348 1476 -70 -29 -569
-908 4333 1518 -11 -195 -601
-1035 4243 1515 26 -229 -644
-885 4179 1307 35 -275 -688
-990 4399 1040 58 -207 -658
-1224 4890 951 120 -263 -471
-1365 5388 977 165 -403 -169
-1461 5473 1017 177 -511 144
-1388 4921 988 111 -506 327
-1414 4366 1012 102 -415 228
-1366 4158 865 69 -383 -101
-1401 4682 641 69 -391 -604
-1359 5592 469 106 -560 -980
-1204 6016 369 80 -614 -1373
-1265 6039 290 67 -463 -1692
-1146 5774 335 85 -308 -1929
-1247 5202 493 130 -139 -2142
-1179 4666 688 180 -174 -2329
-1092 4269 718 209 -271 -2455
-1122 4049 684 224 -481 -2507
-988 3855 643 216 -766 -2474
-973 3783 649 191 -1016 -2341
-878 3740 739 128 -1237 -2098
-816 3540 793 51 -1277 -1810
-753 3241 910 -3 -1221 -1433
-739 2973 1069 -13 -1118 -1032
-703 2774 1202 -18 -1056 -657
-637 2616 1182 -33 -965 -214
-678 2953 1008 -10 -799 243
-866 3493 868 59 -555 889
-1022 3799 972 154 -388 1619
-1091 3862 1240 232 -293 2219
-1210 4293 1477 270 -230 2728
-1192 5064 1474 240 -358 3106
-1101 6430 1067 172 -381 3359
-767 7160 645 129 -9 3489
-1047 6820 807 183 605 3339
-1198 5639 1437 199 1021 2868
-1129 4523 1825 121 1007 2251
-1127 4149 1635 21 859 1740
-1338 4301 1431 -15 662 1237
-1256 4754 1474 -41 425 793
-963 5171 1282 -160 367 458
-899 5073 1103 -276 607 186
-885 4606 1087 -350 835 0
-893 3968 1097 -401 1015 -140
-1122 3628 1228 -404 1128 -226
-1082 3495 1303 -380 973 -250
-878 3491 1236 -322 719 -182
-1194 3506 1179 -278 759 -81
-1065 3562 1235 -208 463 54
-985 3609 1324 -135 289 224
-1041 3574 1371 -93 288 350
-1057 3547 1483 -33 202 460
-1105 3542 1541 15 109 518
-1178 3638 1650 72 -30 546
-1147 3748 1727 103 -243 547
-1117 3958 1707 99 -357 516
-1109 4201 1625 85 -408 484
-1043 4398 1510 52 -411 442
-958 4468 1339 13 -301 363
-1047 4606 1131 13 -84 249
-1277 5040 1021 87 54 212
-1489 5477 986 199 -22 283
-1717 5726 1119 279 -214 421
-1626 5308 949 257 -323 446
-1763 4808 778 241 -280 280
-1921 4457 716 270 -476 -109
-1895 4751 605 316 -1060 -569
-1686 5329 454 331 -1796 -1083
-1448 5632 335 286 -2241 -1545
-1157 5664 307 215 -2328 -1888
-533 5339 499 123 -2315 -2148
-407 4987 553 65 -1833 -2345
-896 4787 775 -21 -897 -2542
-843 4570 650 -85 -503 -2716
-889 4446 435 -94 -326 -2809
-1022 4421 371 -51 -325 -2789
-907 4375 440 -36 -616 -2653
-806 4168 409 -93 -684 -2454
-822 3851 452 -128 -577 -2167
-873 3553 552 -128 -468 -1868
-875 3321 690 -121 -437 -1514
-873 3197 724 -134 -485 -1138
-885 3273 706 -130 -552 -767
-912 3519 692 -109 -626 -275
-895 3755 657 -86 -646 271
-937 3801 786 -10 -539 744
-1018 3792 1023 98 -452 1229
-1236 4576 1159 185 -515 1703
-1426 5478 1350 263 -857 2320
-1210 6095 1396 280 -1200 2815
-1038 5711 1381 256 -1086 3017
-654 4805 1354 254 -644 2849
-440 3975 1632 320 -46 2411
-543 3697 1749 293 387 1972
-805 4179 1729 237 409 1585
-796 4861 1708 161 189 1320
-707 5397 1442 -6 260 1048
-819 5480 1139 -148 626 860
-853 5365 1065 -154 886 805
-862 4925 1200 -87 1072 857
