-1157 5223 972 410 -920 -1852
-1172 5762 829 318 -1029 -1808
-1019 5919 807 263 -988 -1717
-825 5451 996 190 -735 -1662
-745 4809 1097 128 -441 -1667
-806 4346 1082 85 -203 -1752
-924 4156 1044 68 -117 -1872
-864 4200 1111 57 -270 -1969
-842 4330 1006 -17 -465 -2000
-720 4354 929 -100 -574 -1939
-717 4062 979 -157 -577 -1767
-594 3715 1060 -217 -525 -1537
-668 3336 1090 -240 -410 -1272
-698 3181 1095 -219 -375 -906
-732 3147 1089 -170 -400 -428
-774 3216 1057 -107 -412 80
-839 3340 1014 -29 -358 676
-956 3492 999 65 -298 1220
-1015 3586 1026 194 -350 1785
-1158 4061 1052 347 -564 2300
-1215 4516 1160 495 -899 2746
-1194 5490 1192 579 -1214 3060
-1154 6638 1229 570 -1395 3285
-684 6977 875 418 -1218 3249
-415 6402 726 319 -461 3050
-343 4782 1148 235 585 2643
-263 3745 1531 168 1310 2173
-611 3830 1249 -9 2021 1738
-1354 4495 1211 -61 2275 1463
-1599 5207 1206 -113 1919 1307
-1344 5555 969 -232 1440 1171
-1371 5480 845 -297 1423 1043
-1422 4836 1116 -237 1308 944
-1140 3903 1470 -163 1025 798
-1215 3403 1490 -143 947 660
-1455 3264 1381 -92 793 552
-1480 3396 1336 -13 372 486
-1226 3554 1268 13 -38 435
-1178 3757 1261 26 -84 370
-1118 3815 1473 47 -28 275
-1046 3744 1535 45 87 101
-1188 3780 1436 43 218 -112
-1251 4224 1394 91 137 -340
-1151 4578 1316 104 15 -562
-1047 4658 1155 98 43 -754
-1104 5081 999 152 139 -927
-1283 5631 892 226 70 -964
-1341 6072 859 256 -74 -934
-1510 6056 951 264 -135 -864
-1287 5344 925 191 -245 -903
-954 4372 733 117 -131 -1151
-868 3792 506 94 279 -1564
-1024 4139 502 200 504 -1887
-1241 4917 578 335 311 -2072
-1467 5652 427 393 -31 -2076
-1474 5731 214 413 -404 -1964
-1355 5522 266 424 -711 -1789
-1177 5041 393 390 -822 -1680
-1002 4488 461 347 -753 -1661
-1095 4093 499 328 -684 -1695
-1027 3878 431 310 -824 -1750
-985 3837 312 293 -964 -1787
-922 3883 278 272 -1086 -1744
-932 3850 328 230 -1178 -1604
-943 3739 439 188 -1231 -1361
-942 3601 559 119 -1249 -1070
-990 3493 694 56 -1267 -702
-962 3643 778 -2 -1342 -346
-776 4041 631 -61 -1336 52
-428 4416 662 -79 -971 435
-623 5084 818 -45 -287 857
-786 5368 726 -105 413 1476
-1253 5020 966 -31 898 2145
-1806 4162 1576 96 898 2588
-2044 3339 2063 139 107 2783
-1889 3106 2130 153 -933 2719
-1304 3440 1888 161 -1905 2567
-582 4512 1532 110 -1996 2440
-787 5436 1413 73 -1364 2398
-1051 5846 1420 -39 -599 2318
-1565 5555 1490 -114 37 2137
-1649 4836 1742 -92 98 1859
-2492 4098 2139 -71 -192 1460
-1671 3791 2213 -41 -772 1069
-1989 3722 1901 23 -1043 721
-1564 3853 1741 54 -1468 448
-1593 3914 1500 22 -1507 223
-1620 3956 1281 14 -1487 88
-1621 3969 1243 61 -1592 -15
-1621 3969 1336 122 -1757 -90
-1552 3943 1488 207 -2024 -136
-1517 3976 1510 247 -2277 -187
-1589 4185 1341 247 -2440 -256
-1599 4495 1087 237 -2633 -360
-1505 4727 865 217 -2849 -491
-1462 5108 639 191 -2973 -644
-1487 5878 601 179 -3091 -834
-1405 5503 692 99 -3280 -1080
-1159 4813 594 -46 -3373 -1391
-1204 5038 442 -171 -3410 -1718
-1004 5356 301 -315 -3609 -1938
-638 5681 164 -505 -3515 -2161
-348 5796 34 -720 -2844 -2347
-469 5925 -20 -812 -2062 -2416
-594 5838 -87 -847 -1349 -2411
-680 5629 -77 -791 -782 -2344
-743 5358 -160 -704 -346 -2218
-817 4772 -149 -565 -109 -2087
-877 4348 -169 -372 -69 -1958
-895 4096 -131 -176 -231 -1827
-826 3923 -41 63 -524 -1681
-897 3586 -41 271 -831 -1479
-898 3541 -116 461 -1165 -1261
-894 3640 -81 671 -1462 -962
-817 3669 29 809 -1599 -615
-769 3592 134 880 -1501 -285
-832 3766 208 959 -1252 93
-931 4269 488 1033 -1080 467
-941 4393 679 1052 -984 780
-998 4424 869 1062 -864 990
-997 4448 1019 1068 -819 1098
-908 4454 1120 1049 -804 1095
-854 4329 1159 1014 -697 1009
-854 4263 1252 986 -588 897
-784 4556 1081 924 -424 809
-1105 5167 997 917 -150 806
-1249 5376 1397 960 -117 909
-1108 4674 1676 924 -163 920
