-1087 4112 2704 1117 -2011 2844
-884 3908 2741 1141 -2214 2949
-752 3995 2505 1149 -2170 2967
-757 4751 2330 1208 -2163 3001
-765 5722 2449 1234 -2228 3054
-1012 6012 2766 1136 -2102 3023
-1244 5636 2983 893 -1899 2802
-1233 4789 2662 580 -1706 2301
-789 4398 2673 397 -1565 1614
-674 4342 2724 261 -1300 972
-1259 4216 2022 -6 -413 306
-1373 4228 1700 -52 -698 -127
-1121 4132 1681 -25 -1362 -444
-1304 3788 1800 -4 -1523 -753
-1235 3636 1810 119 -2081 -908
-1158 3563 1760 274 -2656 -960
-1154 3467 1696 429 -3064 -885
-1099 3363 1603 502 -3302 -770
-1004 3312 1406 503 -3369 -634
-1056 3414 1090 444 -3267 -497
-1069 3837 720 355 -3147 -382
-1081 4327 378 230 -2928 -269
-1117 4824 213 105 -2622 -202
-1165 5415 133 -46 -2235 -220
-1362 5765 74 -212 -1732 -396
-1617 5842 95 -336 -1443 -755
-1530 6033 136 -395 -1419 -1203
-1382 6026 162 -455 -1394 -1766
-1250 5973 142 -499 -1328 -2306
-1177 5883 -87 -549 -1125 -2748
-977 6044 -264 -525 -731 -3162
-1057 6508 -381 -467 -224 -3472
-1182 6625 -410 -361 118 -3575
-1356 6220 -424 -222 270 -3527
-1284 5485 -364 -61 273 -3434
-1266 4817 -216 134 179 -3300
-1173 4232 -288 272 -33 -3131
-1176 3849 -308 520 -265 -2918
-1219 3677 -162 805 -658 -2583
-1127 3487 -4 985 -1082 -2222
-1037 3290 29 1069 -1351 -1788
-1063 3219 54 1110 -1445 -1323
-1082 3279 158 1131 -1517 -903
-1082 3356 268 1151 -1650 -444
-1107 3491 514 1163 -1846 -19
-1035 3533 703 1124 -2061 324
-904 3520 864 1112 -2220 658
-782 3573 1138 1129 -2189 959
-694 3712 1427 1171 -2067 1245
-596 4002 1628 1180 -1784 1510
-441 4485 1394 1158 -1276 1825
-623 5218 1377 1248 -698 2201
-862 4963 1983 1326 -352 2636
-748 4290 2288 1241 -261 2796
-746 3786 2127 1097 -78 2680
-794 4066 1781 1043 48 2413
-852 5159 1605 1115 -132 2228
-916 6151 1882 1163 -547 2206
-785 6242 2006 1099 -641 2206
-1349 5789 2233 974 -477 2196
-672 5426 2140 898 -538 2089
-87 5214 2095 888 -171 1980
-862 5048 2225 831 231 1955
-912 4523 2192 702 -147 1866
-823 4080 1971 563 -408 1719
-800 3953 1669 436 -414 1533
-996 4298 2008 381 -718 1360
-646 4422 1764 165 -870 1191
-941 4461 1671 -1 -325 1019
-1037 4415 1679 -101 -42 837
-1096 4299 1691 -216 150 628
-1171 4236 1614 -310 332 364
-1279 4100 1445 -368 390 123
-1384 4064 1407 -366 280 -130
-1334 4111 1387 -376 65 -356
-1230 4045 1150 -411 -35 -541
-1353 4122 943 -405 -23 -729
-1506 4903 939 -328 -146 -862
-1569 5804 958 -301 -394 -877
-1656 6311 826 -363 -495 -877
-1635 6432 686 -403 -402 -1010
-1582 6308 599 -403 -193 -1434
-1336 5812 754 -343 -86 -2080
-865 5595 847 -292 -219 -2698
-1013 5843 682 -267 -465 -3217
-1112 6362 495 -261 -696 -3569
-1250 6729 342 -262 -860 -3748
-1166 6735 299 -272 -1096 -3805
-969 6420 356 -302 -1144 -3750
-764 5886 427 -331 -997 -3628
-654 5169 506 -305 -819 -3509
-700 4700 525 -258 -715 -3388
-649 4361 479 -225 -736 -3238
-678 4029 449 -189 -781 -3037
-664 3759 471 -138 -863 -2812
-571 3467 472 -117 -940 -2512
-469 3120 522 -100 -916 -2168
-408 2849 623 -75 -840 -1825
-395 2634 694 -50 -723 -1397
-415 2477 781 0 -613 -903
-442 2472 845 51 -536 -400
-582 2752 908 111 -465 291
-679 3166 821 164 -380 1101
-662 3431 692 264 -160 1841
-757 3982 642 437 260 2686
-901 4843 411 608 586 3521
-688 6057 395 881 1043 4502
-1450 7012 734 1145 1930 5351
-2410 6800 1564 1066 1696 5784
-2480 5760 2082 806 54 5669
-1604 4912 1507 666 -1257 4985
-989 5161 944 676 -1348 4163
-748 6095 936 815 -963 3236
152 7071 1646 749 -27 2382
-2149 6102 1187 334 1753 1415
-682 6284 1491 418 1328 792
-1086 5223 1573 165 2144 391
-1741 4169 1546 81 2223 54
-1757 3604 1593 90 1443 -171
-1422 3368 1392 33 739 -270
-1304 3366 1360 35 219 -180
-1157 3344 1544 26 -67 34
-1030 3257 1589 -69 -106 374
-1089 3265 1589 -132 197 694
-1228 3382 1733 -164 439 897
-1423 3517 1754 -215 441 972
-1207 3756 1649 -250 229 935
-1308 4148 1597 -224 219 812
