-677 3196 508 -174 -1109 -2437
-657 2780 635 -159 -1142 -1790
-601 2448 730 -139 -1154 -1228
-610 2227 819 -90 -1120 -583
-665 2283 836 -6 -1095 104
-730 2491 851 132 -1097 760
-782 2864 880 292 -1053 1495
-836 3220 978 430 -982 2163
-933 3778 1053 550 -911 2917
-1009 4854 896 659 -836 3674
-1152 6271 996 833 -755 4368
-1109 7510 1523 940 -675 4982
-957 6858 1576 763 -378 5200
-490 5565 1212 528 393 4946
-694 4930 1235 501 1466 4347
-1323 5786 1562 437 1784 3737
-1514 6263 1457 217 1216 3090
-1298 6360 1121 55 766 2325
-1244 5845 975 -50 938 1573
-963 5122 1070 -132 1024 865
-680 4514 1101 -229 1207 356
-796 4065 1130 -318 1674 45
-957 3813 1120 -377 2015 -155
-1141 3660 983 -417 2138 -168
-1363 3482 1040 -394 2079 -26
-1561 3306 1227 -357 1694 238
-1494 3179 1292 -338 1283 491
-1501 3135 1469 -261 919 736
-1449 3167 1689 -160 508 888
-1367 3175 1819 -66 70 921
-1296 3306 1887 14 -246 877
-1322 3558 1927 78 -428 793
-1366 3973 1985 124 -598 688
-1319 4387 1797 71 -721 529
-1188 4605 1502 7 -691 291
-1183 5337 1222 -10 -519 -32
-1440 6475 1033 27 -424 -280
-1655 7333 1146 53 -554 -419
-1652 6572 1341 -6 -604 -605
-1392 5037 1208 -107 -394 -1043
-1140 4077 998 -132 -154 -1775
-963 4133 768 -39 -393 -2375
-1053 4736 584 26 -755 -2708
-1157 5575 455 66 -1027 -2894
-1167 6030 356 57 -1195 -2886
-1134 5980 383 40 -1185 -2719
-1050 5605 648 44 -1102 -2490
-877 5023 767 3 -947 -2264
-715 4536 697 -52 -753 -2126
-761 4267 660 -65 -530 -2049
-730 4118 651 -82 -500 -2028
-704 4052 567 -101 -507 -2013
-671 3994 561 -91 -512 -1981
-689 3843 690 -59 -533 -1889
-762 3678 806 -17 -612 -1718
-786 3514 912 33 -770 -1433
-785 3362 977 67 -900 -1112
-770 3377 997 108 -998 -682
-777 3479 979 155 -1022 -174
-722 3580 973 211 -941 316
-711 3579 1117 302 -707 800
-775 3731 1386 380 -560 1238
-878 4493 1418 422 -548 1647
-933 5515 1245 446 -550 2134
-919 6278 1286 506 -418 2723
-811 6349 1435 494 -69 3150
-675 5336 1565 381 489 3308
-791 4310 1571 291 1122 3169
-935 3991 1686 235 1337 2935
-1144 4419 1597 203 1120 2738
-1265 5243 1473 136 688 2524
-1345 5801 1407 56 460 2288
-1152 5833 1467 -18 429 1956
-1103 5249 1517 -99 639 1474
-910 4543 1585 -165 778 999
-815 4284 1646 -191 809 590
-1005 4230 1637 -219 863 267
-1091 4106 1648 -241 817 66
-1139 3889 1571 -270 721 -56
-1134 3670 1574 -272 575 -139
-1047 3472 1618 -235 331 -184
-1050 3421 1750 -180 77 -149
-915 3325 1717 -159 -126 -55
-988 3158 1381 -131 -202 79
-1248 2725 1161 13 -289 229
-1767 3198 1819 506 -1036 450
-1020 3724 2070 536 -2020 628
-864 4138 1767 413 -2080 773
-1021 4536 1599 321 -1698 930
-775 4439 1425 179 -1272 977
-652 4260 1164 73 -654 851
-734 5052 1001 62 -20 628
-1173 5843 994 94 408 448
-1564 6469 1024 110 498 307
-1914 5990 1191 151 464 67
-1763 4938 1308 144 277 -395
-1605 4058 1283 170 -69 -1010
-1166 3939 940 192 -651 -1653
-1199 4676 630 230 -1170 -2074
-1364 5811 485 223 -1459 -2350
-1179 6431 425 180 -1768 -2495
-996 6267 411 70 -1670 -2518
-896 5822 504 5 -1314 -2498
-793 5083 702 -8 -930 -2488
-767 4637 815 -2 -604 -2518
-807 4444 775 0 -239 -2575
-889 4388 598 24 132 -2632
-973 4377 490 44 352 -2657
-1125 4286 395 68 422 -2629
-1178 4144 377 104 293 -2520
-1187 3930 465 130 90 -2364
-1161 3661 511 133 -149 -2109
-1162 3389 581 123 -305 -1823
-1146 3238 568 129 -426 -1456
-1112 3449 585 145 -496 -999
-1158 3761 605 135 -507 -488
-1217 3755 585 101 -504 109
-1241 3593 755 153 -505 596
-1378 4002 957 251 -730 980
-1503 4705 1147 337 -1306 1486
-1323 5318 1328 348 -1866 1939
-894 5146 1455 318 -2067 2350
-681 4410 1566 308 -1670 2565
-462 3961 1701 335 -1063 2585
-531 4024 1854 353 -490 2531
-644 4732 1799 292 -57 2502
-759 5552 1576 199 187 2513
-893 5780 1571 91 489 2482
