-1423 3634 1788 -139 -92 1168
-1307 3825 1692 -147 -138 985
-1353 4075 1515 -157 -126 701
-1455 4521 1421 -153 -149 362
-1840 4713 1420 -160 -185 -8
-951 4974 1481 -75 -346 -386
-1084 4621 1232 -47 1 -688
-1555 5649 1042 83 370 -1028
-2022 6258 1006 159 211 -1176
-1754 6056 1056 206 -302 -1210
-1552 5335 1020 218 -621 -1272
-1389 4897 1002 275 -841 -1423
-1343 4913 916 313 -1145 -1587
-1473 5154 663 299 -1392 -1782
-1356 5661 625 319 -1795 -1906
-1078 5779 589 251 -2127 -2001
-847 5564 524 149 -2112 -2039
-717 5131 584 67 -1822 -2068
-655 4701 633 36 -1326 -2128
-763 4363 595 10 -980 -2204
-757 4140 631 -19 -815 -2275
-665 3907 462 -41 -768 -2313
-635 3816 398 -26 -753 -2264
-657 3637 507 10 -741 -2104
-743 3372 725 33 -727 -1805
-802 3129 847 79 -758 -1442
-876 2812 925 155 -816 -984
-953 2671 1114 296 -995 -477
-953 2773 1189 407 -1317 2
-863 3052 1214 461 -1520 551
-885 3376 1267 524 -1528 1118
-935 3689 1395 585 -1461 1611
-1013 3931 1628 647 -1379 2092
-1050 4130 1912 644 -1386 2443
-940 4756 1694 563 -1317 2620
-1041 6670 1389 535 -883 2761
-1232 6690 1720 578 -473 2809
-1342 5568 2082 571 -248 2620
-1533 4728 2221 487 -174 2090
-1349 4244 2303 369 -435 1473
-1037 4496 2252 304 -837 922
-747 4793 2216 193 -954 497
-865 5053 2222 91 -659 178
-1057 4890 2223 -3 -407 -63
-1081 4283 2135 -33 -418 -204
-1212 3745 2014 -54 -630 -248
-1079 3461 1937 -37 -941 -293
-1081 3320 1801 20 -1184 -310
-1054 3406 1642 126 -1485 -299
-1063 3533 1536 222 -1754 -277
-1037 3578 1329 340 -1924 -276
-1063 3582 1161 483 -2057 -301
-1055 3621 1028 632 -2230 -307
-1058 3640 985 806 -2464 -303
-1098 3583 1025 968 -2733 -290
-1145 3656 1035 1078 -3021 -292
-1127 3863 950 1136 -3340 -320
-1098 4234 780 1128 -3567 -347
-1060 4567 647 1066 -3677 -358
-922 5014 375 949 -3660 -378
-878 5974 193 851 -3310 -388
-998 5771 408 715 -2764 -382
-1010 4658 182 457 -2308 -525
-1268 4488 -514 313 -1848 -733
-1636 4781 -732 261 -1879 -857
-1487 4899 -869 179 -2538 -901
-1390 5033 -738 52 -2654 -967
-1649 5109 -607 -19 -2319 -1138
-1567 5004 -549 78 -2281 -1349
-1849 4692 -820 196 -1855 -1632
-2168 4520 -1038 371 -1614 -1799
-2117 4367 -1073 577 -1905 -1885
-2036 4563 -786 766 -2241 -1886
-1929 4889 -461 883 -2559 -1798
-1837 5110 -231 920 -2638 -1641
-1760 5053 -37 908 -2499 -1480
-1694 4715 72 849 -2366 -1335
-1421 4438 161 776 -2298 -1294
-1175 4278 65 664 -2020 -1338
-1029 4073 88 601 -1589 -1446
-966 4032 201 596 -1205 -1544
-894 4182 415 655 -803 -1614
-1024 4288 562 691 -492 -1577
-1108 4239 593 669 -407 -1463
-1175 4047 572 630 -456 -1247
-1226 4012 686 609 -634 -963
-1032 3865 819 524 -933 -702
-985 3863 820 425 -1115 -366
-860 4197 802 341 -1193 36
-840 4325 860 289 -1110 561
-624 4029 1000 247 -834 967
-645 3751 1194 245 -464 1249
-769 4033 1289 275 -227 1508
-886 4753 1316 303 -210 1748
-747 5076 1153 250 -170 2010
-690 5215 852 148 149 2245
-871 5185 764 117 536 2408
-823 4920 764 124 776 2495
-622 4987 1306 192 1413 2367
-2385 4148 1346 -118 1773 2071
-1019 4281 946 -89 544 1729
-1711 4351 1456 97 592 1442
-1461 3909 1169 115 189 1092
-716 3956 1016 281 -597 978
-1255 4016 864 299 -226 915
-1408 3957 937 339 -472 955
-1028 3927 960 336 -777 991
-1160 3919 997 301 -485 1010
-1092 3982 1042 251 -318 1004
-1149 4115 1039 197 -125 950
-1115 4180 1024 139 76 825
-1196 4263 1097 108 363 639
-1395 4209 970 70 527 424
-1191 4275 969 115 402 183
-1283 4445 947 135 495 -81
-1218 4718 920 134 529 -286
-1179 5012 702 113 638 -503
-1291 5756 679 131 798 -654
-1448 6501 783 165 859 -728
-1375 6269 736 116 844 -780
-1386 5661 649 91 901 -901
-1393 5042 647 132 824 -1065
-944 4590 649 175 482 -1261
-388 5099 1289 190 -175 -1278
1129 5596 1762 -34 -426 -1088
-2027 5779 -23 -493 1120 -1030
-2673 5742 -360 -294 192 -1198
-1770 5936 -301 -22 -2098 -1437
