-446 5247 1349 283 1060 2468
-480 5044 1382 214 1049 2088
-438 4852 1395 133 979 1691
-451 4690 1315 49 886 1301
-502 4483 1228 -26 776 960
-552 4294 1151 -53 614 607
-536 4256 1206 -50 412 331
-461 4261 1187 -64 224 43
-461 4172 1161 -91 184 -216
-473 4146 1164 -95 126 -432
-415 4196 1160 -73 -14 -650
-372 4233 1203 -53 -105 -833
-382 4261 1199 -39 -150 -1001
-392 4380 1208 -14 -207 -1181
-397 4496 1200 14 -318 -1321
-417 4511 1203 38 -459 -1448
-462 4584 1158 67 -609 -1555
-456 4802 1259 115 -768 -1637
-316 4967 1227 105 -889 -1709
-337 5003 1181 63 -915 -1790
-338 4998 1166 40 -946 -1862
-286 5152 1236 25 -1049 -1913
-145 5186 1184 -54 -1087 -1953
-205 5124 1169 -137 -973 -1948
-224 5132 1158 -193 -845 -1906
-183 5088 1155 -231 -785 -1832
-191 5028 1243 -263 -688 -1719
-187 4862 1237 -316 -535 -1579
-237 4726 1233 -339 -373 -1406
-275 4609 1180 -330 -277 -1223
-270 4468 1183 -313 -248 -986
-304 4287 1176 -285 -180 -752
-357 4136 1196 -238 -118 -459
-362 4052 1182 -191 -82 -149
-413 3967 1166 -138 -28 158
-477 3972 1125 -70 16 493
-488 3979 1141 -8 29 822
-481 4039 1158 69 30 1101
-485 4199 1164 138 33 1390
-470 4308 1152 191 64 1625
-466 4435 1118 242 144 1850
-445 4588 1140 284 208 2032
-418 4715 1128 320 236 2152
-426 4830 1119 340 280 2238
-422 4934 1114 360 306 2269
-418 5013 1138 369 316 2250
-408 5020 1153 352 325 2170
-412 4999 1130 324 322 2040
-378 4945 1121 281 311 1840
-349 4881 1100 231 310 1593
-327 4799 1077 176 319 1335
-322 4681 1066 126 318 1039
-336 4566 1055 92 309 778
-341 4507 1063 66 287 509
-367 4431 1061 38 281 277
-417 4349 1055 18 292 92
-452 4288 1065 7 249 -84
-481 4243 1045 8 161 -222
-510 4225 1032 7 66 -339
-474 4289 1044 12 -44 -455
-378 4421 1070 7 -123 -573
-361 4500 1064 -10 -155 -711
-354 4592 1077 -17 -211 -867
-289 4712 1102 -20 -306 -1002
-250 4852 1109 -52 -340 -1152
-289 4890 1098 -102 -321 -1280
-272 4908 1124 -139 -336 -1398
-245 4941 1083 -178 -362 -1478
-255 4917 1096 -225 -358 -1532
-289 4899 1124 -254 -342 -1544
-256 4931 1105 -290 -338 -1524
-243 4865 1075 -340 -273 -1480
-299 4756 1060 -362 -206 -1413
-290 4683 1084 -365 -203 -1310
-288 4596 1049 -367 -187 -1181
-321 4467 1036 -359 -147 -1040
-344 4371 1027 -332 -115 -854
-337 4258 1020 -299 -93 -666
-388 4172 1029 -250 -51 -436
-426 4128 1024 -186 -35 -180
-438 4077 1010 -133 -24 62
-506 4086 1003 -70 16 323
-534 4143 1000 -14 10 583
-569 4219 968 43 -13 812
-613 4322 1005 97 -29 1030
-601 4388 1030 133 -23 1179
-664 4455 992 159 12 1303
-599 4556 1003 194 -18 1384
-618 4601 1005 207 7 1417
-620 4620 1026 224 10 1426
-600 4678 1042 235 -6 1405
-587 4715 1055 229 42 1354
-620 4733 1030 204 107 1274
-619 4719 1037 183 111 1179
-584 4711 1045 162 73 1047
-526 4698 1060 131 41 888
-503 4667 1034 89 54 732
-477 4640 1047 48 53 553
-429 4609 1049 10 43 373
-400 4589 1061 -29 72 198
-396 4604 1086 -68 98 57
-358 4587 1072 -119 137 -90
-353 4584 1047 -165 176 -227
-312 4696 1106 -209 179 -339
-219 4918 1144 -269 189 -482
-144 4987 1011 -370 258 -636
-263 4942 1017 -443 356 -788
-242 4934 1113 -462 259 -935
-155 4858 1125 -472 173 -1019
-296 4692 1122 -472 188 -1038
-355 4497 1139 -448 157 -996
-397 4301 1119 -420 109 -889
-399 4119 1112 -381 38 -722
-403 3919 1107 -339 -13 -539
-429 3755 1103 -280 -56 -324
-445 3656 1126 -212 -126 -93
-464 3660 1108 -138 -166 111
-533 3739 1118 -78 -150 319
-590 3984 1141 -23 -146 481
-579 4287 1145 8 -154 610
-596 4413 1087 6 -108 683
-621 4495 1075 14 -75 690
-552 4600 1111 47 -116 642
-462 4723 1151 67 -138 562
-431 4776 1167 74 -86 471
-460 4771 1145 81 -10 354
-460 4727 1106 82 23 246
-463 4695 1117 79 21 147
