1460 7256 2282 419 -1220 -907
1223 6271 2700 40 -439 -1160
964 5284 2603 -216 83 -1399
861 4583 2612 -396 356 -1599
377 4052 2505 -546 631 -1837
42 3575 2340 -675 523 -2123
-155 3292 2109 -818 248 -2349
-426 3229 1891 -915 -39 -2514
-532 3076 1544 -989 -406 -2542
-403 2761 1438 -1041 -683 -2385
-601 2587 1405 -1038 -580 -2023
-810 2369 1410 -996 -305 -1616
-1030 1958 1309 -883 55 -1175
-1624 1706 1041 -670 448 -847
-2789 1864 750 -360 482 -728
-3008 2215 641 60 -134 -730
-2799 2464 750 446 -667 -793
-2616 2631 955 730 -764 -863
-2544 2520 1238 857 -666 -880
-2649 2305 1342 949 -434 -877
-3027 2406 1129 1064 61 -837
-3684 2652 987 1262 383 -661
-4625 3381 569 1574 192 -512
-5104 4599 422 1791 -539 -540
-4766 6152 238 1680 -1755 -465
-4525 7873 30 1312 -2647 -109
-4294 9460 88 824 -2929 208
-3341 9766 669 452 -3071 137
-2040 8573 836 39 -2998 -482
-1176 6719 1028 -219 -2703 -1573
-590 5670 1272 -322 -2744 -2645
4 5420 1196 -541 -3038 -3547
265 5126 1028 -844 -2810 -4123
-146 4889 865 -1131 -2263 -4455
-395 4789 841 -1307 -1879 -4598
-339 4525 921 -1408 -1674 -4486
-327 4070 953 -1484 -1167 -4218
-85 3560 1152 -1505 -614 -3822
73 2934 1121 -1573 -180 -3338
312 2304 1059 -1570 277 -2743
813 1601 757 -1491 798 -2000
847 1092 776 -1345 1411 -1128
464 1245 692 -1036 1904 5
-446 986 699 -879 1726 1148
-1092 1599 829 -228 1164 2373
-1787 1961 999 232 938 3364
-2138 2147 1016 585 494 4092
-1872 3105 1114 1086 -332 4949
-912 4941 1490 1676 -1019 5925
-221 6638 1747 2039 -1085 6812
-258 8742 1872 2291 -598 7525
-775 11944 2505 2431 -474 8200
-1002 13166 2145 2030 -331 8097
-2621 8718 1185 1189 1020 6579
-324 5797 748 902 577 3701
989 5758 1533 953 -791 1656
1522 5095 1896 912 -1611 1088
727 4600 1666 745 -546 847
-497 4494 1316 623 780 853
-1487 4729 941 576 2066 870
-1639 4346 666 533 2815 1128
-1637 3726 752 537 3098 1620
-1649 3157 848 405 3117 2003
-1556 2842 800 236 2928 2203
-1473 2782 812 142 2588 2278
-1935 2746 1105 200 2072 2232
-1442 3050 1286 305 1291 2010
-1059 4251 1278 397 1200 1516
-1265 5438 1415 436 1503 978
-1021 5742 1392 430 1781 212
-1188 5377 2118 592 2092 -657
-724 4891 2828 694 1936 -1202
-1413 5186 2579 624 1781 -1387
-2620 5280 1740 485 1188 -1431
-2772 5536 1079 390 610 -1910
-2129 5762 978 369 114 -2538
-1349 6225 836 314 -623 -2881
-1600 7139 1153 296 -1431 -2945
-1265 8293 1703 206 -2182 -2943
-565 8380 1824 -83 -2282 -2983
-880 8014 1523 -352 -1533 -3185
-725 7483 1061 -453 -1598 -3495
-593 6756 765 -542 -1931 -3814
-499 6304 703 -653 -1868 -4294
-69 6186 675 -740 -1696 -4716
-32 5991 680 -796 -1156 -5028
-171 5723 609 -828 -426 -5186
-475 5295 308 -799 442 -5216
-975 4740 71 -605 1428 -5173
-1030 4334 99 -255 2203 -5105
-1023 3520 40 47 2768 -4905
-1193 2636 125 364 2933 -4543
-1153 1999 -31 671 3214 -4065
-1737 1226 -249 924 3480 -3588
-1933 697 -157 1161 2861 -2876
-2150 344 -255 1227 2509 -2209
-3089 -97 -435 1180 2485 -1702
-3314 -577 -869 1007 1490 -1135
-3461 -278 -1327 901 757 -642
-3539 340 -1386 757 626 -265
-3756 323 -1219 498 461 48
-3562 -176 -851 350 292 134
-3178 -510 -944 330 1 214
-3078 -463 -1555 292 330 411
-3716 35 -1728 354 1102 482
-3988 375 -1562 393 1065 509
-3583 264 -1296 345 501 509
-3461 -12 -1018 278 344 478
-3538 -184 -516 354 56 376
-3002 -402 -240 473 -442 244
-2619 -644 -132 595 -535 174
-2864 -773 -150 694 -449 232
-3127 -744 -271 811 -778 308
-2684 -546 -266 992 -1301 384
-2449 -410 -346 1140 -1078 456
-2868 -403 -664 1320 -445 550
-3900 -517 -778 1583 -215 629
-2272 -65 399 1876 -244 664
-4298 -389 -496 1796 661 791
-4247 -800 -1148 1900 -34 916
-3743 -369 -315 2289 -597 923
-3163 -477 -196 2375 -396 886
-3276 -586 -628 2402 14 871
-3237 -457 -802 2602 202 815
-2068 -63 -417 2888 5 769
-1572 -398 -710 2905 403 949
-3274 -362 -1219 2762 1299 1551
-4039 428 -1830 2585 137 2222
