-1494 5891 400 656 -2542 -3901
-1285 5421 337 457 -3418 -4016
-910 5146 60 148 -3908 -4108
-489 4967 -16 -127 -3851 -4156
-333 4739 149 -361 -3464 -4086
29 4320 416 -625 -2913 -3875
219 3915 532 -817 -2199 -3584
214 3293 562 -925 -1243 -3186
73 2595 584 -910 -289 -2759
8 1907 647 -818 219 -2293
-84 1225 760 -600 415 -1691
-179 1103 732 -383 310 -1055
-126 1185 567 -201 103 -301
-266 1232 492 29 26 692
-778 1320 792 387 -63 1721
-1060 1955 1196 719 -356 2791
-922 3168 1436 1009 -699 4050
-843 4551 1352 1269 -648 5233
-751 5681 1199 1542 -325 6323
-909 6558 1662 2003 206 7201
-1357 8056 2568 2206 374 7610
-1975 9903 3016 1949 120 7574
-2828 9692 1860 1272 -458 6847
-3236 7296 1046 1069 -676 5383
-340 6410 874 1268 -884 2849
589 6295 1682 1198 -965 1225
829 5214 2108 1034 -494 676
-117 4871 2071 795 847 438
-1743 4814 2206 584 2717 359
-2922 4388 2054 371 3358 571
-2961 3603 2142 285 2624 892
-2973 3060 2560 249 1398 1267
-2030 2882 2702 135 12 1570
-2154 3142 2483 28 -213 1678
-2473 3545 2071 -101 -469 1619
-2214 4016 2115 -162 -1050 1384
-1965 4404 2209 -239 -1262 968
-1943 4671 1789 -420 -1160 372
-2192 4839 1413 -473 -1139 -115
-1937 4760 1197 -454 -1269 -536
-1518 4577 643 -529 -1179 -876
-2077 4358 34 -625 -907 -1033
-2258 4236 -614 -614 -1134 -1062
-1970 4473 -819 -550 -1543 -1145
-1957 5997 -576 -404 -1709 -1285
-2805 7756 63 -271 -2070 -1519
-2345 8098 -104 -354 -2906 -1959
-1591 7499 -824 -501 -3417 -2698
-1219 7582 -1260 -421 -3650 -3299
-926 7604 -1189 -369 -3940 -3772
-563 7589 -976 -490 -3492 -4148
-366 6987 -940 -607 -2586 -4394
-642 6425 -721 -553 -1597 -4565
-572 6160 -509 -385 -1221 -4636
-459 6276 -524 -230 -1126 -4508
-157 6195 -1073 -173 -1058 -4160
207 5331 -1370 -68 -891 -3647
252 4443 -1254 49 -795 -3073
212 3937 -1016 234 -917 -2343
169 3661 -900 346 -935 -1654
174 3138 -848 506 -791 -1089
158 2637 -664 728 -649 -464
-69 2482 -571 955 -628 213
-497 2575 -541 1172 -751 862
-785 2872 -453 1431 -1088 1563
-1009 3287 -198 1677 -1457 2183
-1260 3744 85 1915 -1959 2835
-1560 4469 382 2110 -2622 3384
-1765 5053 569 2342 -3276 3692
-1933 5622 946 2571 -4020 3713
-2288 6211 1695 2736 -4950 3431
-1522 6237 1365 2440 -5945 2650
-661 6410 773 2148 -5623 1559
-264 5849 861 2054 -4485 639
203 5322 1529 1963 -3134 -282
51 4849 2148 1834 -1946 -1053
-852 4942 2153 1626 -1644 -1586
825 5291 2992 1356 -2666 -1843
2887 5799 3142 900 -2880 -1657
4901 5888 5204 457 -1582 -979
1734 5466 4590 -341 1972 -526
-1604 5127 3086 -521 2520 -151
-1728 4333 1873 -596 1153 -232
-944 4039 1142 -348 291 -284
-1076 3756 628 -129 -277 -261
-990 3588 188 41 -1453 -100
-765 3508 -46 160 -2679 181
-661 3566 10 251 -3102 451
-600 3817 226 303 -3122 684
-450 3996 377 252 -2827 913
-645 4123 437 185 -2275 1104
-921 4212 486 91 -1748 1250
-1149 4320 670 33 -1568 1283
-1177 4524 1335 -56 -1573 1189
-448 4173 795 -467 -1185 878
-329 4012 3 -695 92 468
-1338 4163 81 -462 1304 130
-1326 4548 761 -264 1073 -205
-940 4589 476 -281 1005 -473
-1688 4898 321 -133 1481 -715
-2294 5899 442 138 1241 -867
-2327 6776 820 374 374 -903
-1910 6216 872 382 -432 -943
-1840 5250 797 335 -571 -1178
-1847 5067 683 362 -706 -1640
-1363 6034 394 373 -1068 -2129
-1426 6781 292 350 -1221 -2447
-1311 6970 271 312 -1385 -2730
-1160 6546 346 279 -1392 -2985
-1064 5873 650 287 -1401 -3197
-970 5175 822 273 -1567 -3366
-813 4661 754 210 -1644 -3493
-928 4445 729 206 -1688 -3554
-795 4378 721 145 -1889 -3525
-613 4243 580 14 -1988 -3388
-538 4055 455 -121 -1895 -3120
-491 3748 455 -186 -1655 -2737
-415 3390 539 -212 -1309 -2291
-379 2901 592 -208 -948 -1870
-431 2651 556 -160 -613 -1411
-453 2568 576 -91 -432 -927
-507 2663 610 15 -353 -420
-466 2777 492 86 -233 205
-435 2916 505 203 8 828
-570 3243 903 353 250 1635
-764 3711 1325 402 214 2582
-579 4475 1257 361 157 3458
-901 6016 1069 445 751 4444
