-1302 3123 1523 -34 -23 1704
-1516 4314 1187 152 110 2016
-1970 5280 1287 310 91 2122
-2141 5634 1386 374 -135 1944
-2401 6096 1194 392 -144 1318
-2607 6587 1031 522 -44 398
-2056 6643 257 606 240 -719
-1602 6145 700 758 1072 -1856
-1943 5383 1172 767 1935 -2645
-2915 5264 854 719 2234 -3210
-3190 6209 555 981 1173 -3619
-2807 7046 374 1210 -297 -3859
-2459 7223 348 1283 -1435 -3931
-2064 6878 510 1245 -2718 -3863
-1168 6270 831 1089 -3745 -3748
-930 5771 1167 769 -3908 -3678
-698 5331 1018 301 -3755 -3619
-471 4972 789 -58 -3370 -3571
-452 4651 600 -330 -2774 -3468
-252 4409 517 -497 -2273 -3332
-199 4169 495 -597 -1802 -3182
-200 3867 553 -665 -1388 -2938
-146 3494 607 -696 -1117 -2614
-226 3115 623 -712 -807 -2247
-282 2839 620 -680 -568 -1748
-341 2692 579 -601 -417 -1206
-331 2665 463 -508 -277 -500
-278 2677 496 -408 -68 282
-393 2718 649 -305 226 1013
-616 3034 738 -218 537 1866
-829 3655 895 -102 621 2889
-987 4306 1407 17 505 3975
-975 4245 1443 72 489 5150
-965 5063 1441 436 821 6120
-1035 7245 1926 791 1203 6847
-1590 10128 2284 903 1527 7409
-2692 11270 2276 522 1731 7343
-5256 7765 2289 8 1787 6366
-3919 3589 1481 18 234 3765
297 4475 1433 255 -1902 1174
1191 3589 1691 347 -2200 585
1130 3515 1504 -6 -729 125
-768 3827 1349 -117 1489 -107
-2177 4122 1484 -288 3311 -226
-2082 3895 1306 -455 3342 -55
-2168 3504 1407 -428 2883 285
-2358 2742 2109 -399 1783 797
-1797 2625 2308 -316 425 1296
-1574 3052 2223 -217 50 1737
-1767 3911 2131 -88 128 2010
-1847 4416 1818 -118 211 2029
-2328 4665 1545 -133 341 1722
-2597 4674 1243 -95 51 1023
-1864 4529 1016 19 -578 57
-1161 4592 1086 210 -845 -779
-1128 4872 1153 377 -882 -1434
-1276 5898 1125 455 -760 -1875
-1643 6739 1181 492 -594 -2123
-1715 6476 1256 442 -455 -2291
-1585 5832 1355 441 -310 -2396
-1250 5257 1307 401 -166 -2544
-1348 5213 1206 372 -176 -2659
-1448 5502 1006 346 -372 -2783
-1380 5956 817 305 -596 -2942
-1325 6219 738 281 -776 -2988
-1268 5954 739 227 -914 -2940
-1169 5428 728 159 -948 -2874
-1065 4837 929 163 -902 -2847
-973 4350 866 131 -935 -2808
-861 3989 772 120 -1044 -2752
-853 3695 723 145 -1138 -2666
-764 3446 675 168 -1284 -2516
-655 3243 655 185 -1419 -2277
-574 3048 645 181 -1441 -1982
-516 2847 652 175 -1349 -1575
-561 2670 808 207 -1209 -1143
-554 2482 858 211 -1083 -621
-614 2376 855 257 -945 -70
-883 2587 1003 394 -919 520
-988 2883 1293 540 -1174 1280
-1015 3192 1660 648 -1499 2094
-911 4224 1472 745 -1692 2875
-1154 6681 1426 1053 -1557 3965
-1317 6726 2342 1355 -1420 4808
-1160 5726 3093 1371 -1344 5121
-1517 5224 3181 1245 -1166 4803
-1664 5666 3009 1024 -1558 4199
-1751 5632 2526 766 -2319 3320
-1062 5405 2289 596 -2572 2087
-25 5301 2273 370 -2111 994
447 4762 2422 200 -1296 319
176 4146 2479 109 -438 103
-874 3665 2517 -19 562 -10
-1930 3523 2578 -61 611 -136
-2075 3392 2369 -89 -209 -259
-1741 3330 2019 -84 -1197 -396
-1242 3212 1816 3 -1986 -474
-843 3131 1593 89 -2418 -520
-716 3072 1429 197 -2408 -547
-685 3123 1303 336 -2290 -550
-826 3320 1204 448 -2146 -547
-1097 3672 1015 530 -2030 -551
-1290 4021 654 566 -2070 -583
-1261 4461 226 591 -2196 -640
-1159 5135 208 618 -2307 -690
-970 5847 -285 456 -2083 -804
-1559 6218 -573 272 -1321 -981
-2214 6022 -470 289 -1071 -1226
-1807 6022 -795 310 -1658 -1492
-1665 5986 -1311 308 -2137 -1788
-1621 5892 -1447 407 -2418 -2005
-1539 5605 -1191 525 -2543 -2196
-1717 5255 -971 653 -2352 -2451
-1744 4973 -880 812 -2102 -2750
-1827 4624 -832 1024 -1945 -2957
-2079 4351 -785 1233 -2074 -3031
-2146 4312 -691 1350 -2375 -3034
-2138 4386 -514 1400 -2621 -2939
-2189 4530 -274 1382 -2624 -2751
-2190 4595 32 1343 -2490 -2503
-2223 4608 316 1251 -2222 -2193
-2138 4401 410 1112 -1981 -1928
-1961 4083 498 973 -1756 -1747
-1706 3714 582 859 -1559 -1621
-1435 3383 592 777 -1386 -1532
-1247 3057 580 719 -1207 -1400
-1073 2795 553 724 -1050 -1157
-1030 2659 590 759 -884 -789
