-917 3515 -580 -1299 3748 983
-1014 3413 -563 -1103 3939 1167
-1118 3474 -549 -877 3903 1404
-1242 3590 -501 -657 3613 1704
-1245 3751 -375 -402 3190 1986
-1321 4502 -196 -136 2701 2313
-1543 5559 10 61 2254 2662
-1545 5590 44 106 1911 2884
-1436 5517 34 266 1820 2854
-1638 6217 84 460 1885 2650
-1727 6905 89 602 1686 2338
-1628 6758 272 820 1395 2001
-1477 6148 626 997 1325 1547
-1347 5346 955 1112 1417 1002
-1510 4646 1226 1165 1388 602
-1618 3959 1367 1128 1114 291
-1551 3652 1173 1066 669 6
-1635 3708 1002 1065 185 -147
-1722 3794 1023 1100 -543 -218
-1508 3950 1276 1117 -1254 -258
-1197 4113 1473 1037 -1809 -287
-815 4268 1495 859 -1947 -300
-713 4416 1494 713 -1732 -277
-719 4573 1486 577 -1392 -234
-766 4617 1460 432 -1010 -165
-785 4569 1445 314 -793 -88
-862 4612 1428 216 -804 -56
-392 4611 1449 98 -913 -52
-307 4720 1411 17 -707 -74
-289 4916 1669 -33 -605 -58
-523 5356 1927 -117 -822 -23
-665 5789 1945 -266 -1372 11
-502 6068 1859 -460 -1957 -8
149 6177 1508 -752 -1975 -125
255 6610 1373 -941 -1244 -170
244 6309 1332 -1124 -170 -147
-175 6002 1418 -1228 744 -108
-393 4796 1609 -1364 1372 -181
-735 3856 1940 -1478 1666 -491
-939 4075 2005 -1612 1442 -1015
-868 4888 1594 -1777 726 -1363
-327 5788 1202 -2033 80 -1654
40 6247 648 -2408 248 -1895
228 5853 411 -2647 887 -2105
-4 5031 455 -2665 1723 -2359
-168 4234 528 -2508 2189 -2593
-458 3743 661 -2178 2390 -2761
-715 3275 691 -1871 2343 -2780
-861 2934 655 -1503 1954 -2614
-988 2808 837 -1137 1355 -2313
-916 2758 988 -838 600 -1861
-648 2606 930 -576 -55 -1422
-444 2418 893 -331 -324 -998
-358 2338 980 -74 -433 -566
-286 2383 1133 201 -428 -180
-332 2440 1146 405 -285 193
-502 2773 1439 584 -139 550
-535 3143 1537 688 -107 1032
-494 3615 1505 756 -70 1565
-414 4267 1269 855 147 2150
-468 5817 1129 1028 603 2846
-824 7730 1244 1241 1228 3840
-885 8460 1632 1330 1779 4797
-1287 7303 2019 1185 2316 5162
-1721 6297 1785 823 2256 4898
-1261 6150 1387 563 1588 4170
-1162 6807 1759 546 876 3569
-2540 6503 1783 336 311 2885
-1555 5939 1335 275 -649 2269
-1722 5167 1327 355 -984 1643
-1387 4326 1209 347 -1639 1163
-1052 3834 1233 368 -2007 779
-965 3556 1202 290 -1880 427
-873 3473 1211 205 -1716 186
-853 3467 1217 77 -1497 73
-862 3475 1248 -76 -1212 48
-824 3539 1216 -232 -933 73
-836 3600 1146 -417 -528 125
-863 3611 1017 -588 -109 152
-845 3698 855 -709 233 122
-996 3911 738 -776 576 18
-1121 4235 715 -776 764 -115
-1258 4926 886 -719 817 -240
-1158 5427 944 -703 816 -377
-971 5441 770 -704 1071 -559
-1191 6127 691 -620 1490 -832
-1860 7196 738 -430 1438 -1010
-2134 7907 833 -262 747 -1139
-1581 5770 1297 -75 -174 -1464
-1229 4311 1758 89 -690 -2181
-1682 4884 1933 164 -1379 -2810
-1622 6154 1614 61 -2794 -3193
-989 7044 918 -266 -3714 -3393
-410 7079 352 -704 -3528 -3570
-69 6594 353 -947 -2654 -3598
267 5650 814 -1127 -1828 -3596
232 4873 927 -1238 -872 -3642
-169 4258 724 -1222 -129 -3648
-534 3940 791 -994 200 -3588
-724 3771 969 -691 -4 -3436
-641 3554 966 -451 -414 -3202
-495 3167 872 -166 -765 -2836
-308 2574 910 94 -987 -2387
-150 2137 1024 405 -1078 -1955
-119 1709 1120 702 -1040 -1454
-148 1512 1164 1006 -972 -903
-224 1421 1224 1281 -942 -280
-425 1560 1307 1601 -911 327
-664 1914 1594 1888 -978 1013
-523 2425 1588 2064 -1150 1615
-762 3904 1602 2269 -1154 2577
-963 5127 1379 2390 -1232 3718
-752 5744 1350 2539 -1155 4462
-1125 6728 1648 2590 -724 5096
-1549 7807 1655 2342 -826 5363
-1600 8639 1587 2009 -1549 5265
-1586 7682 1128 1721 -2021 4784
-1652 5902 1146 1488 -1741 3792
-1206 4888 1683 1314 -1220 2218
-742 4165 1296 974 -805 649
254 4228 1573 1015 -1211 -11
-588 4175 1309 827 -351 -436
-1459 4227 1038 763 -51 -608
-1754 4395 936 755 -349 -672
-1719 4418 1001 747 -770 -510
-1690 4400 1204 734 -1292 -190
-1426 4197 1361 669 -1999 292
-1375 4263 1493 595 -2375 751
