-1100 3512 1198 -28 -2694 -101
-986 3396 1073 -115 -2409 -159
-1040 3296 1057 -182 -2083 -123
-1164 3253 978 -222 -1957 -42
-1173 3360 982 -241 -2066 72
-1074 3505 1021 -300 -2142 137
-900 3587 914 -400 -1992 118
-905 3704 689 -505 -1577 37
-1045 4140 483 -530 -1206 -64
-1224 5057 323 -518 -948 -145
-1338 5789 207 -490 -707 -290
-1318 5992 31 -441 -130 -580
-1625 6508 -22 -259 670 -1118
-1651 6566 219 10 882 -1686
-1619 6393 658 249 620 -2092
-1850 5868 750 399 215 -2440
-1928 5548 714 495 -220 -2795
-1645 5994 700 552 -703 -3115
-1452 6670 420 464 -900 -3386
-1546 7138 449 434 -908 -3494
-1445 7104 767 406 -973 -3527
-1207 6599 947 258 -906 -3560
-1113 5891 968 168 -732 -3590
-1340 5297 1067 155 -777 -3571
-1196 4779 1104 121 -1151 -3553
-1102 4469 1039 37 -1603 -3524
-947 4282 908 -79 -2072 -3441
-755 4046 842 -209 -2411 -3313
-458 3794 777 -365 -2569 -3097
-127 3347 760 -492 -2417 -2782
25 2848 731 -571 -1979 -2420
62 2387 716 -541 -1417 -1972
11 2110 718 -422 -930 -1522
-41 1911 668 -268 -498 -937
-144 1818 579 -110 -199 -226
-306 1908 469 99 18 536
-667 2280 452 359 241 1531
-864 2669 601 630 368 2505
-959 3381 921 940 413 3617
-1089 4841 1223 1177 408 4756
-1105 6517 1180 1243 449 5737
-1241 7735 1184 1334 641 6633
-1416 8166 1751 1349 733 7043
-1305 8684 2307 1176 703 6862
-1439 8562 1813 817 1024 6053
-2118 7285 1546 516 1286 4862
-1070 6180 1446 434 549 3187
496 5892 1391 303 398 1664
145 5262 1477 71 1293 974
-236 4798 1271 -235 2275 618
-1200 4449 902 -485 3410 379
-2242 3979 731 -605 3877 315
-2355 3609 703 -656 3394 387
-2306 3152 877 -640 2563 581
-2098 2910 1148 -611 1491 876
-1750 2788 1259 -604 674 1159
-1702 2704 1219 -553 447 1314
-1607 2826 1207 -429 298 1348
-1534 3253 1136 -308 156 1274
-1723 4239 1029 -196 71 1175
-1926 5119 920 -105 -21 1007
-1933 5369 780 -31 4 735
-1921 5012 909 129 274 259
-1939 4729 1203 335 579 -368
-2130 5416 1181 498 573 -896
-2363 5780 1032 650 66 -1280
-2441 5900 1058 780 -652 -1585
-2122 5306 1190 824 -1294 -1887
-1930 5186 1124 795 -1646 -2191
-1804 5807 949 733 -2014 -2499
-1703 6604 976 678 -2443 -2690
-1390 7098 1059 481 -2860 -2865
-1037 7080 1207 204 -2863 -3039
-956 6819 1441 -20 -2572 -3235
-646 6445 1640 -277 -2258 -3487
-467 6125 1500 -550 -1763 -3763
-539 5902 1343 -782 -1265 -3981
-538 5721 1150 -926 -952 -4167
-473 5389 1088 -994 -822 -4258
-601 5116 1099 -1021 -851 -4213
-449 4652 1029 -1072 -1016 -4047
-422 4157 996 -1095 -988 -3813
-298 3551 980 -1088 -895 -3478
-43 2950 848 -1066 -701 -3063
47 2426 735 -974 -404 -2607
0 2035 692 -782 -145 -2013
-44 1820 685 -573 -46 -1351
-75 1661 646 -370 59 -494
-262 1618 759 -158 218 437
-612 1764 1068 59 297 1304
-731 2471 1156 267 226 2289
-740 3411 1088 447 180 3435
-766 4538 1019 649 270 4619
-826 5642 1170 929 643 5905
-897 6463 1332 1106 1273 6777
-1204 8239 1776 1174 1936 7347
-1916 10251 2254 994 2041 7632
-2392 10508 1653 518 1679 7326
-2733 8022 1098 165 1349 6200
-2752 5324 1434 313 920 4291
-291 4935 1647 348 259 2327
268 4503 1898 338 147 1315
141 4275 1559 88 795 942
-1218 4690 1059 -115 1942 715
-3118 4681 962 -235 2825 483
-3622 4267 2053 -136 2398 516
-2031 3553 2528 -73 569 827
-1509 3267 2693 -218 -277 1273
-2090 3169 2925 -221 -296 1637
-1981 3254 2805 -283 -484 1766
-1790 3513 2355 -368 -352 1630
-1800 3673 1981 -437 -111 1199
-2136 3775 1572 -465 -95 582
-2127 3914 1104 -440 -515 -29
-1623 4199 830 -347 -1083 -693
-1104 4656 931 -220 -1035 -1245
-852 4918 1043 -189 -403 -1685
-1126 4974 1085 -155 382 -2045
-1515 5885 1136 9 927 -2353
-1745 6573 1201 188 948 -2466
-1813 6555 1232 312 695 -2477
-1760 6188 1314 420 374 -2525
-1607 5930 1244 473 5 -2661
-1580 5961 1352 528 -664 -2805
-1407 6179 1224 451 -1279 -2951
-1106 6135 777 229 -1803 -3075
-265 6334 1187 138 -2024 -3035
-429 5984 1109 -122 -1217 -3067
