-1030 4467 1286 -344 -16 -1656
-1025 4575 1351 -330 202 -1863
-1054 4688 1339 -292 357 -2061
-1175 4889 1402 -228 427 -2216
-1048 5353 1470 -136 450 -2363
-1007 5899 1399 -101 611 -2438
-1092 5994 1439 -77 864 -2434
-1278 5548 1756 -28 1087 -2381
-1414 4763 1988 -91 1108 -2376
-1360 4430 1855 -181 898 -2437
-1334 4798 1397 -282 709 -2494
-1233 5239 1052 -369 561 -2506
-1189 5716 1079 -387 404 -2411
-1042 5601 1066 -458 353 -2201
-1050 4936 903 -545 371 -1931
-1068 4104 731 -581 343 -1590
-1061 3490 800 -565 209 -1288
-878 3059 696 -630 22 -983
-706 2790 470 -709 -35 -706
-561 2783 302 -731 48 -451
-562 2871 198 -734 311 -146
-700 2965 121 -692 528 216
-796 3124 103 -604 579 587
-906 3378 101 -506 543 1035
-1026 3704 148 -419 448 1435
-1003 4091 298 -310 217 1872
-849 4455 257 -265 90 2299
-865 4742 104 -257 185 2654
-982 5103 117 -208 352 3026
-1056 5542 288 -172 442 3329
-1057 6142 275 -169 472 3589
-1074 7091 262 -139 546 3907
-1152 7188 363 -100 718 4152
-1344 6750 880 -23 897 4270
-1309 6466 1066 4 912 4135
-946 6528 1161 27 983 3933
-2288 6669 1296 25 1165 3694
-1316 6735 1354 43 475 3449
-1663 6417 1191 44 603 3178
-1805 5654 1085 9 644 2818
-1641 4687 1107 40 525 2425
-1558 3958 1230 47 714 1889
-1554 3429 1339 62 921 1367
-1533 3111 1398 31 1076 978
-1875 2996 1309 -20 1308 657
-2277 3024 1280 -40 1257 438
-2455 3150 1320 -39 887 275
-2479 3351 1393 -17 550 133
-2758 3632 1497 18 192 -80
-2605 3899 1578 24 -266 -418
-2165 4219 1445 15 -428 -968
-2385 4575 1282 1 -306 -1576
-2304 5083 1161 64 -592 -2120
-1876 5573 1180 115 -946 -2680
-1576 5920 1040 98 -941 -3157
-1889 6540 862 116 -900 -3503
-1183 8139 907 193 -1368 -3741
-1317 8826 952 53 -1685 -3655
-1498 8661 1052 -269 -1407 -3552
-969 7814 549 -560 -892 -3635
-1293 7742 223 -585 -367 -3683
-1075 7962 312 -501 -383 -3743
-825 7351 400 -474 -463 -3737
-715 6476 623 -402 -438 -3727
-771 5363 918 -342 -381 -3721
-809 4251 915 -356 -457 -3700
-859 3573 776 -352 -737 -3674
-717 3421 594 -337 -1167 -3599
-450 3462 359 -395 -1407 -3475
-151 3385 125 -490 -1337 -3229
24 3115 78 -549 -1037 -2828
127 2764 149 -577 -603 -2338
365 2478 190 -557 -115 -1691
747 2172 137 -533 383 -973
956 2006 99 -460 916 25
230 2192 129 -298 1141 1149
-317 2819 381 -141 899 2020
-335 3258 656 -16 515 2878
-182 4060 738 117 217 3668
-521 5691 749 198 71 4447
-804 6976 415 195 116 5447
-502 7787 348 388 560 6417
-1061 9254 927 793 1449 7544
-2049 11290 1931 811 2077 8478
-2841 12760 2234 441 1967 8933
-4127 11335 1926 -30 1783 8624
-6196 6636 1700 -187 1562 7221
-2723 4666 912 114 705 4198
-1559 5876 2052 746 -505 2299
-1896 5061 2255 648 -772 1583
-2981 4615 1435 514 -102 1125
-3610 4205 1141 416 1078 641
-3042 3711 1132 490 647 453
-2482 3333 1365 389 -160 513
-2270 3044 1714 295 -784 744
-2094 2956 1731 163 -814 813
-2330 2859 1471 -85 -615 690
-2558 3019 1474 -122 -902 370
-2052 3364 1324 -186 -1366 -77
-1649 3890 1124 -315 -1429 -673
-1402 4470 1002 -382 -1033 -1334
-1229 5249 814 -394 -495 -1977
-1589 6984 1017 -321 -32 -2607
-1835 8526 949 -337 -201 -3044
-1640 8780 864 -533 -611 -3300
-992 8914 381 -687 -671 -3612
-517 9151 398 -733 -760 -3747
-1143 8360 37 -875 -90 -3940
-1052 7457 75 -766 -181 -4074
-847 6354 238 -607 -391 -4219
-829 5614 370 -458 -422 -4405
-790 5160 338 -358 -659 -4538
-836 4986 244 -264 -1150 -4544
-709 4977 206 -261 -1706 -4376
-531 4970 148 -354 -2009 -4082
-409 4709 89 -534 -2022 -3640
-279 4370 110 -661 -1745 -3144
-149 3952 136 -745 -1286 -2685
-83 3500 203 -772 -680 -2175
-121 3123 275 -727 -235 -1661
-253 2726 437 -629 80 -1177
-445 2539 616 -483 177 -603
-524 2450 765 -355 41 -62
-539 2304 830 -247 -184 526
-559 2175 835 -132 -383 1054
-658 2483 936 39 -533 1482
-780 3286 1012 157 -540 2054
-905 3712 1052 248 -286 2702
