-1032 5054 1125 -102 -965 -2855
-900 4632 968 -128 -849 -2909
-854 4425 777 -140 -802 -2996
-996 4348 611 -110 -816 -3075
-857 4275 490 -64 -1066 -3128
-774 4111 399 -20 -1309 -3100
-697 3781 411 -4 -1488 -2966
-538 3406 417 -2 -1585 -2794
-446 2947 377 16 -1450 -2548
-480 2628 402 95 -1250 -2209
-416 2400 405 191 -1113 -1669
-433 2230 404 278 -945 -940
-651 2115 550 434 -783 -172
-1052 2062 918 654 -702 757
-1230 2454 1157 894 -922 1631
-1237 3548 1178 1187 -1300 2814
-1646 4415 1747 1584 -1685 4178
-1780 4613 2747 1964 -2277 5112
-1459 6051 3165 2216 -2726 5637
-1632 8594 3278 2200 -2427 5669
-2376 8683 3206 1849 -2418 5279
-3014 6143 2434 1231 -2727 4302
-2528 4113 2307 965 -3184 2709
-335 3873 2114 747 -3877 908
781 3543 2276 588 -3421 14
111 3812 2209 333 -1962 -359
72 3580 1604 131 -732 -669
-1504 3768 1338 304 -263 -751
-2548 3766 1131 338 -683 -924
-1890 3965 1523 566 -2240 -1081
-713 4142 1914 741 -2985 -1095
-872 3905 2133 855 -2836 -994
-1129 3580 1907 919 -3070 -873
-1231 3354 1366 1002 -3491 -823
-1719 3653 799 1058 -3814 -843
-1537 3962 372 1010 -4510 -881
-489 4190 189 923 -5169 -865
-121 4407 749 740 -4870 -796
225 4920 532 282 -3836 -800
925 4785 -663 -539 -1393 -899
-893 5748 -1491 -497 1436 -986
-1587 6503 -1614 -322 2515 -1249
-1960 6517 -1816 -346 2592 -1596
-1783 6077 -1240 -122 1283 -1681
-1714 5574 -937 114 243 -1676
-2277 4573 -929 263 -240 -1758
-1718 3873 -884 555 -900 -1886
-1419 3559 -688 883 -1048 -2055
-1674 3570 -627 1126 -687 -2259
-1940 3643 -947 1262 -618 -2337
-2411 3888 -1052 1461 -927 -2138
-2913 4109 -906 1574 -1501 -1641
-3244 4120 -696 1503 -2251 -1137
-3085 4096 -261 1396 -2672 -848
-2668 3914 188 1253 -2749 -869
-1998 3585 423 1027 -2868 -1033
-1505 3330 425 836 -2990 -1127
-1061 3064 405 714 -2777 -1113
-1102 3002 586 682 -2212 -1008
-1041 2977 803 687 -1547 -783
-1197 3016 1047 729 -1003 -373
-1420 3088 1219 772 -766 70
-1539 3185 1437 809 -740 586
-1564 3119 1514 813 -832 1017
-1426 3377 1388 794 -1083 1449
-1289 3839 1312 779 -1299 1886
-1159 4357 1390 807 -1369 2368
-1061 4865 1552 843 -1258 2949
-1072 5505 1816 845 -934 3430
-1056 6019 2059 681 -602 3644
-917 6389 1755 348 -234 3563
-791 6383 1395 81 138 3240
-721 6210 1536 -80 437 2698
-653 5459 1679 -238 597 2016
-591 4600 1792 -330 751 1346
-936 3954 1908 -386 871 638
-907 3629 1832 -455 657 73
-948 3384 1621 -534 521 -283
-1070 3286 1674 -540 351 -530
-1034 3300 1611 -580 124 -646
-1020 3236 1493 -622 -40 -656
-1057 3218 1424 -567 -137 -556
-1059 3173 1413 -488 -256 -384
-1127 3193 1448 -354 -365 -128
-1209 3158 1438 -245 -432 137
-1212 3175 1180 -123 -203 308
-1370 3445 679 7 753 366
-2083 3969 381 193 1667 352
-2604 4389 156 307 1736 398
-2926 4580 -171 361 1202 397
-3111 4874 -366 515 251 286
-3245 6184 -361 734 -792 112
-3004 6714 -204 900 -1844 -159
-2776 6367 19 957 -2445 -642
-2266 5868 128 1008 -2722 -1288
-1759 6205 62 1062 -2780 -2092
-1516 6867 14 1028 -2628 -2677
-1403 7267 -48 926 -2423 -3107
-1261 7031 -113 843 -2303 -3321
-1054 6300 86 807 -2153 -3402
-1026 5544 297 757 -1914 -3407
-1104 4969 414 697 -1674 -3404
-1016 4410 392 648 -1630 -3378
-999 4104 272 607 -1833 -3299
-954 3974 132 553 -2083 -3200
-845 3899 35 443 -2352 -3046
-751 3765 -23 303 -2459 -2816
-632 3542 0 174 -2441 -2537
-489 3282 57 41 -2282 -2145
-320 2989 120 -58 -2015 -1675
-254 2739 170 -136 -1600 -1201
-263 2659 203 -144 -1122 -630
-345 2944 295 -105 -677 -46
-369 3282 277 -59 -165 639
-488 3642 295 32 426 1351
-755 4058 473 160 851 2056
-1009 4828 664 356 992 2905
-1132 5417 866 537 927 3808
-1289 6037 1400 760 754 4593
-1443 6032 1991 887 413 5267
-1308 5901 2326 910 71 5523
-1269 6275 2547 996 -214 5472
-1324 7064 2482 959 -488 5159
-1050 7614 2189 798 -862 4712
-565 7312 1847 591 -926 4094
-559 6214 1532 405 -222 3312
-903 5087 1547 193 760 2415
-771 4298 1710 50 925 1676
