-914 5823 1146 -44 761 3343
-1064 5220 1449 -39 1239 3654
-1130 4350 1960 -51 1282 3655
-1163 3538 1813 -199 1163 3371
-1258 3911 1411 -265 822 3054
-1365 5008 1143 -287 368 2770
-1302 6085 1081 -332 22 2476
-877 6288 1001 -416 154 2001
-590 5494 800 -526 1055 1324
-698 4634 993 -541 1805 733
-691 3935 1128 -543 2120 226
-819 3598 997 -544 2275 -150
-1063 3508 767 -549 2380 -371
-1202 3556 620 -488 2176 -459
-1162 3532 662 -429 1813 -388
-986 3441 763 -399 1550 -193
-1012 3217 968 -344 1564 96
-1203 3023 1315 -249 1575 392
-1288 2854 1596 -120 1403 737
-1401 2902 1791 20 1145 1087
-1432 3127 1948 178 767 1415
-1404 3731 1997 276 535 1751
-1502 4645 1908 304 557 1998
-1866 5663 1617 258 515 2153
-2089 6114 1413 188 342 2023
-2365 6509 1362 178 282 1547
-2304 6425 1390 229 323 603
-1837 6287 1444 331 276 -484
-1538 5397 1821 453 -90 -1207
-1430 4144 1893 434 -705 -1725
-1269 3577 1544 333 -871 -2139
-1482 4123 998 196 -686 -2566
-1747 5272 785 198 -891 -2723
-1510 6234 894 176 -1450 -2611
-1114 6134 850 -58 -1695 -2359
-890 5479 951 -213 -1424 -2143
-937 4927 1285 -251 -1022 -1997
-793 4484 1302 -321 -871 -1967
-890 4294 1053 -340 -826 -1979
-965 4373 947 -326 -930 -2008
-846 4427 895 -352 -1183 -2045
-754 4397 892 -407 -1339 -2067
-626 4177 940 -469 -1468 -2057
-451 3922 960 -525 -1487 -2023
-370 3623 868 -595 -1301 -1927
-333 3499 776 -632 -1008 -1793
-394 3483 717 -610 -682 -1511
-487 3690 706 -564 -420 -1104
-534 3758 821 -495 -165 -504
-624 3599 1006 -428 133 105
-646 3819 1070 -348 401 628
-808 4932 942 -236 605 1371
-787 6051 735 -136 705 2191
-953 6083 952 72 1092 3089
-1065 5006 1667 232 1599 3693
-1157 3826 2520 288 1684 3792
-1261 3466 2723 226 1307 3475
-1089 4263 2392 157 551 3015
-546 4925 1511 -18 38 2582
-304 5754 777 -77 174 2158
-401 6002 760 -109 681 1887
-537 5404 1024 -195 1375 1654
-690 4483 1078 -314 2213 1371
-855 3840 1127 -350 2841 1065
-1006 3560 1236 -351 3225 760
-1145 3490 1303 -361 3275 579
-1256 3388 1078 -378 3140 536
-1605 3299 1040 -360 2885 588
-1283 3143 1009 -353 2434 703
-1318 3029 1067 -229 2011 914
-1473 3266 1248 -106 1755 1139
-1481 3772 1344 18 1459 1363
-1539 4265 1410 152 1290 1621
-1584 4755 1428 248 1227 1789
-1683 4931 1411 315 1249 1804
-1838 5387 1371 352 1243 1611
-2158 6500 1353 383 1083 1315
-2274 7303 1433 349 680 876
-2092 6563 1703 265 362 218
-1405 4823 1632 107 465 -659
-1223 4857 1575 24 664 -1676
-1106 5819 1566 -60 442 -2342
-1022 6874 1416 -225 261 -2954
-980 7068 1418 -370 340 -3439
-974 6544 1709 -518 419 -3870
-794 5677 1976 -679 244 -4167
-804 5111 1986 -854 -77 -4294
-682 4966 1769 -1030 -487 -4309
-527 4976 1550 -1219 -883 -4168
-332 4933 1523 -1431 -1100 -3811
-191 4799 1477 -1650 -1084 -3305
-14 4255 1342 -1878 -761 -2601
-62 3677 1244 -1981 -203 -1873
-139 3244 1136 -2022 373 -1265
-102 2937 983 -2035 764 -674
-181 2740 830 -1999 1043 -207
-318 2557 731 -1902 1233 273
-464 2514 700 -1746 1255 710
-626 2556 727 -1592 1191 1199
-718 2671 735 -1431 1111 1806
-879 2964 712 -1289 1067 2520
-1032 3447 690 -1169 988 3241
-1093 4139 715 -1049 926 4082
-1085 5186 595 -977 1000 4875
-993 7645 193 -950 1362 5560
-1086 9826 -444 -941 2062 6193
-1177 9114 -732 -1017 3315 6442
-1714 6714 -343 -1089 4771 5860
-2357 4900 1082 -1122 5316 4756
-2973 5029 2038 -1135 3779 3495
-1043 5136 848 -1257 1798 2235
-569 6144 436 -1054 1485 1120
-584 6497 277 -1132 1451 356
-361 6107 -140 -1291 1677 -105
-794 5312 -311 -1471 2734 -548
-1004 4337 -255 -1530 3396 -777
-1034 3560 -49 -1548 3637 -905
-1129 3091 195 -1520 3639 -926
-1094 2982 303 -1497 3332 -830
-931 2884 278 -1487 2998 -581
-888 2595 212 -1437 2933 -219
-896 2234 222 -1309 2924 161
-1024 1959 366 -1107 2940 623
-1233 1922 609 -851 2803 1091
-1339 2197 989 -542 2392 1678
-1428 2786 1229 -283 1996 2325
-1632 3748 1419 -31 1817 2927
-1641 4944 1783 201 1777 3539
