-1218 5461 98 480 -607 -618
-1324 6028 -92 727 -291 -937
-1533 6480 -136 984 -187 -1121
-1844 6777 201 1264 -406 -1169
-2023 5751 863 1406 -1126 -1170
-1596 4593 986 1367 -1665 -1344
-1595 4322 520 1269 -1746 -1707
-1253 5020 161 1224 -1948 -2061
-1041 5902 70 1185 -2206 -2229
-882 6301 178 1086 -2252 -2291
-803 6084 440 979 -2002 -2315
-761 5415 916 871 -1695 -2297
-1272 4737 1316 829 -1623 -2278
-1294 4309 1421 691 -1678 -2364
-504 3894 1254 492 -1974 -2424
-453 3499 1435 277 -2189 -2408
-2318 3905 803 187 -1497 -2492
-1427 4265 113 297 -932 -2614
-994 3670 89 345 -1308 -2348
-893 3493 962 305 -1357 -1879
-776 3324 855 91 -1299 -1439
-637 3049 837 0 -1309 -988
-702 3011 740 -31 -1291 -445
-680 3250 851 16 -1298 26
-321 3493 791 72 -1361 571
-176 3849 655 176 -949 1134
-558 4274 809 282 -370 1662
-882 5017 1050 365 -267 2342
-736 5690 1015 440 -464 3134
-733 6763 800 602 -400 3829
-832 7275 1260 813 -296 4444
-1080 6503 1691 927 -340 4642
-1101 4969 2009 971 -311 4370
-1190 4177 2775 995 -205 3818
-1063 4184 2708 763 -73 3119
-672 4846 2121 402 289 2332
-432 5704 1963 78 1118 1450
-257 6161 1611 -220 2114 782
-107 5785 1502 -410 2756 477
-625 4749 1422 -450 3081 429
-1498 3828 1337 -469 2815 420
-1861 3313 1467 -454 1784 421
-1457 3225 1289 -438 711 406
-1227 3119 1039 -453 383 409
-1139 3268 1033 -404 253 446
-987 3297 1137 -351 224 493
-1041 3170 1106 -336 406 510
-1233 3089 1159 -262 599 520
-1348 3168 1274 -161 636 512
-1547 3374 1242 -51 536 513
-1698 4103 1129 86 240 572
-1821 4844 1114 189 -88 640
-1704 5272 1106 279 -402 645
-1721 5848 1062 376 -403 473
-1997 6312 1096 508 -289 194
-2051 6491 1169 619 -528 -209
-2054 5993 1352 687 -860 -656
-1819 5071 1413 658 -1288 -1258
-1281 4305 1006 567 -1559 -1919
-1247 4610 666 524 -1594 -2464
-1354 5470 597 537 -1775 -2879
-1166 6353 649 515 -2133 -3101
-1026 6791 743 414 -2340 -3156
-977 6725 938 260 -2302 -3107
-885 6394 1166 104 -2207 -3039
-579 5568 1173 -94 -1992 -3021
-508 5121 1137 -208 -1504 -3079
-550 4791 1039 -299 -1169 -3156
-529 4566 958 -367 -1098 -3208
-564 4411 851 -438 -1094 -3148
-522 4214 809 -496 -1130 -3041
-486 3969 865 -534 -1099 -2827
-439 3640 908 -575 -1057 -2576
-358 3232 900 -610 -958 -2232
-300 2891 874 -612 -757 -1846
-272 2613 824 -586 -507 -1415
-305 2509 767 -525 -281 -946
-346 2615 692 -428 -60 -308
-453 2829 824 -313 126 438
-643 3325 769 -173 325 1220
-718 4490 624 44 561 2390
-931 5907 462 270 894 3699
-1452 7429 755 602 1386 5200
-1785 7567 1660 797 1838 6269
-1937 6858 2592 690 1861 6528
-1878 5883 2619 399 1517 6036
-1878 4991 1843 180 868 4938
-1855 4371 1457 51 -445 3603
260 4582 957 -13 -1342 1841
309 5174 741 -114 -655 575
67 5714 448 -227 178 -186
-39 5979 610 -202 1011 -548
-646 5465 895 -241 2128 -527
-1256 4521 1129 -351 3159 -309
-1740 3474 1108 -388 3565 -7
-1686 2868 1057 -378 3214 262
-1374 2445 953 -387 2245 604
-1057 2342 857 -361 1486 933
-990 2619 958 -275 1122 1250
-795 2982 915 -271 1191 1463
-872 3389 864 -222 1520 1618
-1082 3938 954 -141 1877 1751
-1243 4656 934 -68 2092 1807
-1524 4880 1039 25 2238 1737
-1710 4818 1227 133 2151 1521
-1713 5485 1302 220 1773 1123
-1670 6654 1347 279 1323 740
-1769 7429 1463 261 868 309
-1459 6136 1540 155 630 -243
-925 4440 1538 -18 808 -883
-961 3765 1562 -165 1230 -1615
-1178 4435 1474 -252 1233 -2147
-1310 5549 1498 -299 774 -2450
-1047 6368 1411 -388 204 -2673
-882 6245 1387 -512 30 -2743
-846 5756 1495 -620 34 -2707
-709 5165 1431 -705 17 -2581
-715 4806 1347 -756 96 -2471
-692 4717 1287 -817 89 -2391
-558 4694 1170 -939 -70 -2285
-419 4548 983 -1093 -113 -2160
-403 4298 822 -1231 -32 -2013
-382 4171 821 -1318 57 -1795
-425 4114 839 -1369 131 -1504
-465 3890 918 -1428 171 -1116
-479 3769 958 -1491 202 -690
-469 3688 940 -1589 278 -299
-407 3559 872 -1706 380 162
