-689 3284 2239 1001 -103 2486
-790 3210 2153 983 -195 2313
-754 3993 2012 937 -581 2154
-520 5047 1589 771 -954 2057
-376 5809 1227 645 -851 2038
-320 5938 1275 553 -353 2034
-454 5372 1536 444 406 1942
-637 4693 1680 371 968 1724
-760 4238 1947 347 1129 1462
-772 3936 1983 320 968 1258
-1023 3954 1879 270 874 1145
-1166 3973 1780 233 660 1099
-1107 3976 1732 199 326 1108
-940 3884 1798 151 144 1096
-871 3773 1837 83 177 1055
-929 3805 1854 25 305 982
-958 3890 1808 -37 388 878
-1054 3942 1844 -76 440 754
-1108 4056 1845 -105 403 597
-1048 4166 1709 -136 303 409
-1048 4315 1551 -150 292 217
-1066 4529 1472 -131 315 70
-1067 4640 1341 -94 386 -61
-1104 4843 1142 -30 542 -139
-1338 5286 1090 91 659 -132
-1569 5536 1114 209 605 -27
-1887 5319 1361 293 319 83
-1780 4560 1503 262 -136 24
-1605 4065 1386 189 -616 -310
-1497 4391 828 120 -1009 -826
-1414 5525 657 124 -1439 -1243
-1195 6412 863 93 -1884 -1636
-728 6570 871 -52 -1863 -2055
-658 6304 938 -154 -1328 -2456
-709 5783 1094 -183 -856 -2786
-721 5322 1242 -186 -711 -3069
-819 5068 1165 -219 -684 -3258
-862 4916 1062 -252 -786 -3377
-754 4771 1004 -288 -911 -3416
-671 4619 1036 -328 -985 -3361
-568 4395 1034 -405 -1011 -3196
-451 4036 981 -474 -852 -2945
-524 3631 920 -481 -480 -2680
-584 3181 1004 -405 -244 -2324
-675 2924 1036 -320 -186 -1973
-696 2775 975 -217 -261 -1507
-702 2804 934 -105 -328 -946
-679 2877 983 43 -345 -387
-700 2906 1036 210 -315 256
-885 3043 1254 391 -310 865
-1099 3463 1461 587 -557 1596
-1119 4434 1655 749 -1011 2427
-1020 5447 1771 842 -1331 3227
-641 6766 1828 892 -928 3953
-761 6349 2090 769 467 4312
-1339 5291 2435 478 1599 4127
-1869 4817 1898 129 2382 3306
-2708 5141 1639 -123 2102 2434
-2222 5390 1912 -328 766 1599
-1826 5277 1810 -595 515 801
-1810 4977 1499 -844 1262 195
-1866 4598 1124 -995 1936 -224
-1933 4166 928 -1013 2120 -367
-2094 3582 874 -958 1929 -318
-2177 2913 950 -837 1477 -178
-2254 2537 969 -683 882 35
-2462 2478 929 -503 431 209
-2519 2596 1015 -308 173 185
-2714 2748 962 -116 24 41
-2917 2910 704 79 -78 -239
-3480 3199 638 304 -211 -562
-4111 3334 755 521 -338 -1079
-4156 3359 697 654 -383 -1685
-4221 3270 495 813 -440 -2144
-4406 3310 356 1031 -604 -2556
-4224 3322 397 1268 -845 -2874
-4093 3197 236 1491 -1048 -3134
-3941 3317 -165 1758 -1078 -3356
-3881 3682 -400 2068 -985 -3529
-4059 3922 -770 2398 -616 -3513
-4755 4093 -1123 2699 -43 -3223
-4161 4242 -1191 3052 476 -2914
-3314 3334 -1446 3295 1180 -2745
-2850 2782 -1642 3641 1682 -2610
-2295 2770 -1690 4029 1876 -2380
-1857 2520 -1896 4183 1506 -1945
-1757 2464 -2440 4231 1225 -1356
-1876 2934 -2310 4289 1479 -730
-2322 2547 -2420 4040 1116 -153
-2057 2363 -2672 3788 366 172
-374 2681 -2313 3736 727 267
-2015 1943 -1191 3376 3340 429
-4029 929 -2207 2532 1981 884
-1438 684 -1372 2466 -541 995
-2143 -104 -1993 2083 1081 1117
-2457 307 -1613 1866 1625 1333
-3140 314 -1290 1633 1850 1488
-2394 75 -1720 1320 1569 1538
-2424 85 -1833 1103 1600 1605
-2689 237 -1766 846 1415 1740
-2115 196 -1764 626 777 1868
-2553 226 -2018 414 324 2033
-2839 410 -1802 243 -277 2069
-2882 636 -2388 26 -996 2106
-2882 985 -2903 -203 -1282 2121
-2662 1618 -2642 -395 -1415 2197
-3615 1776 -3485 -583 -1552 2231
-3875 1777 -2939 -339 -2169 2043
-2811 1609 -1650 30 -3271 1948
-2030 1688 -1602 136 -3347 2008
-2791 2268 -2394 173 -2064 2036
-3307 2105 -2854 320 -1295 1973
-2674 2173 -2225 599 -1593 1921
-2479 1956 -2303 739 -1514 1916
-3025 2272 -2240 838 -681 1746
-2647 1854 -2167 958 -602 1550
-2794 1851 -2081 1101 -744 1492
-3159 1765 -2434 1177 -500 1389
-3176 1694 -2803 1323 -555 1200
-2951 1613 -2838 1555 -894 1067
-2798 1683 -2805 1811 -1146 967
-2804 1762 -2901 2035 -1072 854
-2941 1900 -2687 2313 -991 695
-2665 2065 -2561 2509 -1198 520
-2566 2110 -2514 2619 -1071 311
-2670 2305 -2562 2705 -724 26
-2791 2411 -2481 2705 -753 -228
-2573 2270 -2335 2673 -935 -479
