-1442 5479 753 295 -1565 -1392
-1238 5130 805 296 -1629 -1748
-1007 4910 971 277 -1554 -2090
-926 4830 913 160 -1267 -2482
-1141 4897 655 40 -799 -2851
-1158 5027 534 27 -461 -3202
-1357 5033 439 57 -376 -3407
-1705 5031 522 58 -518 -3524
-1487 4943 578 15 -597 -3663
-1536 4522 457 -38 -407 -3750
-1891 4260 342 -3 -182 -3729
-2216 4234 305 106 151 -3730
-2376 4312 357 272 826 -3748
-3257 3916 427 380 1463 -3652
-3187 3422 311 475 1839 -3567
-3348 2727 169 662 1903 -3415
-4349 2602 -35 831 1698 -3028
-4435 2462 -197 892 1227 -2583
-4042 2016 -159 855 516 -1940
-3929 1674 -38 845 326 -1547
-3256 1391 543 964 198 -1475
-2631 902 995 1188 -366 -1525
-2317 702 1016 1300 -511 -1635
-2711 715 1134 1333 -921 -1530
-2599 854 1072 1156 -1570 -1227
-2886 864 897 774 -1472 -890
-2984 996 847 417 -710 -544
-3031 788 966 145 116 -319
-2714 733 1426 -57 653 -195
-2760 629 1486 -209 440 -18
-2395 350 1516 -291 -513 184
-2445 -43 1273 -381 -393 233
-3246 -209 1024 -380 228 257
-3367 -163 1000 -321 161 274
-3202 -155 1093 -273 18 242
-3237 -165 1093 -286 24 199
-3443 -194 1003 -300 166 124
-3644 -198 909 -279 134 62
-3602 -140 1057 -257 -52 48
-3890 -61 1013 -297 -202 71
-3813 179 1049 -340 -193 20
-3879 297 886 -434 129 -129
-4188 128 684 -520 171 -332
-4291 146 480 -557 -197 -388
-4610 -18 410 -658 -409 -300
-5139 189 348 -834 -451 -106
-4931 568 261 -1031 -427 -59
-4314 527 230 -1192 -335 -236
-3602 341 174 -1249 -670 -467
-3513 71 53 -1224 -1077 -496
-3409 38 96 -1172 -1291 -383
-3567 -9 102 -1186 -1128 -199
-3426 153 213 -1246 -772 -7
-3866 163 135 -1327 -207 169
-4214 242 77 -1347 -4 213
-4013 151 107 -1341 -186 146
-3547 25 190 -1353 -308 59
-3258 -8 247 -1408 -208 39
-3383 24 364 -1482 -166 73
-3213 56 339 -1605 -375 128
-3451 57 225 -1749 -372 185
-3667 137 91 -1896 -463 252
-3651 254 96 -2021 -653 316
-3594 314 122 -2141 -743 367
-3589 305 110 -2285 -781 429
-3681 201 71 -2416 -821 550
-3948 90 2 -2562 -837 709
-4168 303 -23 -2717 -745 889
-3961 399 -43 -2888 -585 990
-4117 342 -125 -3052 -348 1057
-4292 581 -187 -3118 -191 1076
-3614 532 -47 -3120 -120 939
-3276 333 237 -3083 252 758
-3499 370 598 -3003 446 692
-3303 452 930 -2878 369 666
-3209 244 972 -2768 379 603
-3845 -25 852 -2693 425 585
-4482 125 778 -2596 106 697
-4830 629 713 -2550 -245 851
-4237 804 567 -2542 -129 798
-3616 506 660 -2497 249 600
-3129 410 814 -2386 524 442
-3030 356 716 -2282 743 401
-3235 370 471 -2218 666 461
-3582 513 362 -2179 148 563
-3858 613 298 -2127 -844 748
-3601 645 366 -2119 -1411 924
-3626 682 406 -2088 -984 972
-3889 759 515 -2024 -191 941
-4525 918 562 -2005 268 820
-4509 815 843 -2030 -125 653
-3875 723 881 -1803 -1209 619
-3225 819 992 -1706 -1595 651
-3216 643 1130 -1612 -1218 596
-3130 579 1376 -1541 -703 560
-3290 576 1464 -1499 320 438
-3794 408 1351 -1499 840 266
-4100 126 1347 -1451 663 34
-4476 -100 1459 -1378 391 -162
-4646 91 1553 -1254 21 -310
-4404 122 1443 -1217 -267 -468
-4344 105 1146 -1225 -146 -664
-4168 -84 985 -1169 1 -886
-4297 -417 984 -1031 164 -1008
-4694 -475 947 -828 256 -1031
-4679 -213 685 -637 331 -1065
-4256 -31 509 -486 347 -1147
-3600 88 536 -323 394 -1296
-3372 -33 334 -188 622 -1453
-3187 -142 335 -7 473 -1487
-2972 -160 486 149 122 -1409
-2986 -137 528 188 -158 -1263
-2495 -172 591 181 -221 -1084
-2476 -53 872 93 127 -782
-2871 -34 669 -96 274 -455
-3317 -49 450 -254 80 -153
-3342 -66 581 -317 -93 8
-3296 -129 757 -371 -70 68
-3122 -227 760 -428 -57 152
-2979 -360 1293 -463 -86 234
-3133 -519 1222 -582 -8 286
-3049 -629 1132 -636 -381 405
-3260 -617 1100 -620 -455 490
-3431 -592 1087 -609 -354 546
-3782 -451 1053 -618 -371 628
-4151 -245 1030 -663 -367 739
-4403 -341 868 -771 -328 893
-5273 -100 726 -899 -222 1115
