-1203 4262 1108 -22 -163 239
-1213 4263 1102 -19 -176 201
-1312 4275 1104 -27 -169 155
-1614 4410 1107 -28 -231 76
-2250 4548 933 -24 -470 -115
-3500 4860 1109 -44 -1270 -511
-2924 5282 1586 14 -3024 -1181
-3229 5938 1875 22 -3595 -2026
-4015 5764 2124 -498 -3481 -2941
-4140 5840 2262 -553 -3841 -3471
-3339 5167 2492 -851 -4102 -3889
-2695 4467 2769 -1050 -3844 -4083
-2645 3570 2728 -1242 -3146 -4169
-2391 2853 2397 -1325 -2682 -4194
-1462 2423 2088 -1200 -2498 -4104
-1262 1870 2082 -1098 -2063 -3916
-1276 1707 1999 -893 -1331 -3664
-1615 1631 2023 -539 -876 -3401
-1705 1634 1868 -295 -1095 -3107
-1546 1489 2025 -183 -1347 -2762
-1666 1699 2290 55 -1307 -2355
-1559 1755 2508 136 -1338 -1954
-1313 1774 2650 126 -1277 -1615
-1140 1659 2746 91 -1016 -1263
-1132 1763 2971 56 -700 -899
-1411 1980 2916 36 -488 -519
-1859 1436 3317 17 -481 -177
-1107 1850 2880 32 -773 26
-1200 1163 3043 -124 -233 326
-1067 1147 2931 -91 332 536
-1251 1254 2912 164 782 852
-1435 1234 2748 157 1034 1112
-1237 1297 2438 222 1010 1476
-1042 1407 2102 299 1065 1884
-1343 1802 1958 401 1268 2248
-1125 1894 1945 491 1480 2581
-1102 2099 1777 595 1818 2878
-1235 2473 1745 749 2147 3260
-1998 3058 2122 816 2324 3606
-2007 3574 2152 831 2482 3775
-1743 3596 1880 779 2708 3940
-1992 4345 1705 900 2784 4194
-2358 5543 1811 899 2702 4309
-2173 5755 1584 761 2813 4320
-2068 6213 1232 766 3076 4296
-2069 6393 1133 645 3223 4085
-2130 6312 1180 488 3106 3752
-2355 6132 1195 347 2841 3308
-2364 5709 989 89 2213 2629
-2124 5070 795 -6 1284 1926
-1754 4577 707 52 497 1315
-1399 4328 607 102 -143 722
-1228 4179 564 98 -356 292
-1023 3944 513 89 -395 -45
-960 3537 371 0 -420 -223
-1037 3234 258 112 -479 -275
-1025 3005 528 225 -827 -263
-733 3008 642 314 -1266 -255
-450 2980 525 282 -1430 -287
-403 3157 519 333 -1456 -350
293 3242 949 354 -1701 -395
402 3678 1044 243 -1598 -410
-129 3901 667 -73 -1054 -587
-481 3899 622 -222 -659 -796
-731 5497 1758 -343 89 -1244
-3652 6218 1737 -995 1351 -1871
-4019 7687 5131 -1452 1227 -2685
-2590 7459 2847 -2476 1840 -3714
-5230 3500 291 -3480 594 -4195
-1292 1875 -1164 -2470 -2732 -4306
2126 86 1134 -1805 -4028 -3629
-6534 4342 5825 -917 -4802 -3022
229 2610 3040 -2996 -6530 -3683
556 2546 3890 -3642 -5384 -2949
-3024 6495 4645 -2345 -4554 -734
-966 -4932 5383 -5106 -4499 1026
-1147 -239 4376 -4283 -2482 1463
2832 2254 4715 -751 -2122 2119
963 2823 4611 -1260 496 1600
-368 1801 4287 -630 1824 1326
-992 1080 2883 -914 1859 610
-2902 2106 3562 -1009 945 -175
-3459 -497 3395 -1238 -1319 -219
868 661 5553 -506 -2733 -1017
3112 271 5244 -305 -1028 -1178
-604 283 3130 69 2195 -25
-2818 -1184 3716 -38 983 572
-772 -1028 3756 532 -886 672
-593 -274 4066 1190 -1208 403
-1273 234 5722 -92 -1461 476
-119 1271 4308 593 -1536 867
42 508 4379 -760 -1023 325
456 1604 4974 -57 -1424 335
139 1143 4338 -802 -471 412
837 1020 4956 -230 153 163
59 568 4501 -305 907 -141
-266 1223 4395 -78 1005 -171
-1030 409 4366 -186 821 -117
-808 894 4344 -64 677 -274
-715 652 4432 -28 492 -407
-671 780 4412 -90 424 -228
-621 284 4418 -341 348 -91
-717 455 4407 -164 315 -26
-779 352 4373 -123 227 42
-782 368 4371 -62 128 86
-789 435 4371 -4 27 99
-769 453 4382 -1 -67 99
-741 442 4415 -7 -135 113
-662 490 4421 31 -171 127
-633 484 4428 62 -173 138
-613 575 4450 100 -173 159
-629 632 4426 128 -160 151
-607 747 4447 117 -154 141
-561 446 4459 20 -126 97
-540 697 4447 -34 -80 77
-566 747 4449 -55 -32 62
-614 553 4451 -108 -1 46
-653 538 4418 -121 -6 46
-662 496 4418 -98 -56 58
-615 497 4428 -65 -95 68
-609 525 4424 -25 -118 86
-586 559 4435 -16 -130 98
-548 579 4444 -10 -140 101
-518 609 4455 -5 -128 99
-528 609 4454 -16 -98 90
-573 589 4446 -23 -81 82
-542 588 4451 -16 -97 75
-537 624 4472 -9 -89 68
