-1676 3530 2324 -1319 1770 -1052
-1790 3259 2082 -1110 1847 -846
-1865 2632 1834 -931 1739 -458
-2116 2631 1828 -646 1665 18
-1616 2448 1856 -421 1889 568
-1433 1924 1511 -284 2374 1091
-1767 1426 1042 -163 3002 1678
-2384 1076 850 2 3107 2154
-2533 769 846 85 2637 2587
-2616 817 933 232 1907 3040
-2379 805 959 357 1201 3433
-1792 946 967 460 529 3803
-2372 1629 1045 747 168 4206
-3638 3210 1540 911 -227 4424
-2469 3788 2042 959 -691 4249
-1936 4579 1670 897 -302 4126
-2089 6612 1373 786 -147 4179
-1222 6452 1951 457 387 3712
-2049 6957 1833 105 1953 3224
-2972 6406 1221 -187 2838 2236
-2605 5198 1072 -522 2416 1053
-2309 5102 1331 -123 1359 -167
-1889 4950 1445 5 213 -1042
-1230 5033 1394 54 -829 -1695
-581 4779 1312 -60 -990 -2071
-668 4354 1279 -191 -698 -2113
-1243 4275 1293 -264 -681 -1962
-175 4074 1308 -332 -1334 -1619
527 3881 1509 -354 -1273 -1220
150 4110 1585 -424 -313 -834
-529 4157 1513 -544 225 -587
-532 4409 1360 -476 294 -439
-728 4376 1125 -425 449 -369
-811 4314 1063 -345 329 -343
-1006 4410 1143 -204 34 -344
-1209 4418 1119 -209 -346 -368
-614 4487 1179 -158 -791 -330
-761 4501 1163 -130 -707 -270
-760 4402 1191 -174 -500 -252
-754 4338 1111 -164 -236 -231
-836 4282 1066 -194 3 -208
-849 4158 996 -185 34 -172
-915 4063 974 -183 -4 -117
-851 4040 1039 -110 -136 -37
-816 3926 1041 -30 -220 50
-907 3798 1048 20 -333 137
-851 3587 1001 122 -563 204
-810 3523 993 256 -784 242
-1017 3298 1000 350 -1075 248
-1089 3036 938 379 -1660 213
-1056 2943 714 490 -2343 64
-735 2988 1058 618 -2793 -108
-787 3430 1341 667 -3132 -247
-814 3811 1627 458 -3240 -514
-209 4049 1437 214 -2805 -828
-883 3964 1251 -129 -2212 -1047
-1310 4159 1483 -225 -2214 -1349
-1086 4469 1683 -531 -2344 -1632
-1008 4287 1476 -903 -2524 -1770
-138 3818 1541 -969 -2884 -1803
-162 3465 1964 -1070 -2349 -1683
261 2974 2199 -1236 -1680 -1380
0 2471 4782 -1335 -565 -920
5004 10931 18644 -2323 1803 -555
-8751 2883 -1637 -7483 5308 -1328
-6920 3618 1133 -4780 -1340 -2352
-3000 2332 3136 -4162 -5013 -2236
-2732 217 4405 -3754 -3244 -1455
-2892 44 5009 -2146 -739 33
-2941 -238 4302 -1113 -152 -101
3439 390 3251 -195 -4170 -150
7902 1153 4505 55 -4693 391
4375 2246 5266 -264 -571 874
-2643 3932 4053 -842 2041 607
-2621 2685 631 -1449 869 -238
-933 933 1143 -851 -1049 -721
-1043 -844 3570 -486 -1266 -952
-6347 -1320 13454 -667 -3422 -428
10299 -3532 9881 -2281 -4651 737
554 -2802 3188 298 2698 460
-1230 1542 3733 1624 624 793
936 -937 3599 292 -1201 -26
1175 755 3936 799 -165 107
-2922 1719 8499 177 -470 515
3818 -1203 5462 -445 -1711 888
-447 2409 4080 -46 -44 688
2020 1389 5150 -458 -573 694
998 1608 4640 -214 -127 146
1735 568 4970 -140 335 -101
-277 735 4335 -133 1003 -279
-817 664 4370 -130 752 -210
-585 952 4239 -4 311 -145
303 797 4574 -18 -252 -31
439 800 4578 -18 -139 73
315 758 4544 -26 56 77
191 874 4556 -50 84 72
157 884 4506 -201 58 63
228 445 4517 -427 -6 45
228 477 4530 -305 -11 39
246 412 4540 -239 3 53
160 323 4510 -165 -3 104
156 384 4528 17 -62 149
193 521 4510 184 -114 170
325 756 4557 291 -139 161
330 862 4562 268 -68 143
299 869 4550 171 17 108
304 1097 4531 75 71 77
198 997 4511 -71 112 46
116 796 4509 -55 106 22
122 745 4500 -90 50 14
199 614 4530 -139 2 21
209 671 4539 -73 1 32
183 658 4520 -70 21 50
155 684 4526 -54 31 52
166 675 4519 -58 21 58
160 656 4533 -50 21 54
140 658 4536 -25 14 54
133 683 4540 -10 2 70
129 716 4525 2 0 75
128 711 4521 -11 -12 73
116 707 4529 -5 -14 65
138 724 4529 -5 -23 66
144 722 4535 -9 -35 73
134 731 4524 -22 -27 69
134 696 4521 -48 -28 57
118 689 4526 -48 -29 57
167 689 4531 -40 -38 59
164 710 4540 -45 -28 57
