-1095 4352 1613 159 -77 69
-1012 4313 1640 135 -126 125
-992 4355 1592 127 -77 95
-995 4406 1592 113 -69 76
-954 4307 1502 49 -82 38
-899 4238 1451 -24 -121 1
-1024 4277 1393 -55 -84 -10
-1081 4157 1400 -46 -137 34
-988 4093 1419 -2 -284 68
-927 4103 1501 18 -319 88
-1005 4247 1624 65 -230 83
-998 4295 1674 134 -238 93
-968 4205 1627 112 -254 86
-966 4167 1594 75 -242 86
-958 4190 1524 88 -221 104
-972 4146 1477 72 -206 122
-1004 4161 1411 67 -194 160
-1058 4253 1394 49 -159 208
-1122 4282 1358 23 -127 258
-1205 4324 1381 16 -140 310
-1222 4538 1371 17 -208 338
-1142 4623 1305 -5 -254 320
-1059 4497 1249 -123 -169 213
-1036 4376 1209 -263 -19 37
-1069 4254 1192 -289 76 -91
-1060 4158 1176 -273 105 -225
-1080 4164 1180 -221 87 -278
-1110 4249 1174 -137 5 -283
-1097 4144 1217 -130 -134 -257
-1033 4115 1277 -97 -231 -214
-951 4149 1313 -58 -282 -169
-934 4260 1397 -7 -229 -111
-930 4432 1472 34 -144 -75
-712 4552 1449 -27 -46 -61
-963 4490 1393 -91 188 -59
-831 4357 1416 -137 241 -117
-810 4357 1356 -101 205 -156
-842 4173 1337 -92 173 -144
-836 4245 1382 -11 42 -67
-850 4222 1355 -50 -63 32
-880 4228 1327 -58 -106 122
-841 4289 1337 6 -176 233
-798 4299 1335 36 -135 319
-788 4297 1350 22 -42 386
-829 4371 1342 20 71 446
-888 4298 1263 -14 104 490
-872 4244 1229 -48 9 511
-826 4283 1050 10 -140 527
-1334 4304 787 3 -406 571
-825 4238 998 117 -1105 573
-395 4327 1083 331 -1573 547
-622 4291 907 262 -1544 537
-546 4157 895 236 -1840 527
9 4038 943 323 -2044 468
109 4043 1054 421 -1662 440
-77 4024 1055 514 -1101 505
-106 3824 905 470 -798 495
-51 3611 998 475 -630 443
-15 3461 1048 529 -587 355
180 3381 957 498 -731 235
60 3866 911 572 -865 148
99 4262 881 562 -966 71
249 4415 1176 456 -1070 -13
171 4760 1197 240 -884 -110
-138 4812 1010 -125 -567 -292
-538 5019 1195 -332 -415 -532
-620 5075 1388 -541 -362 -807
-832 4866 1555 -812 -66 -1072
-1105 5029 1670 -1001 340 -1281
-1092 5005 508 -1329 258 -1384
-1131 5453 1982 -1349 -400 -1446
-1021 4269 2366 -1940 -420 -1619
-1334 3682 1395 -2228 142 -1800
-1440 3211 1792 -2238 -355 -1770
-2518 3736 2854 -2149 -931 -1737
-3490 4838 4209 -2044 -1524 -1846
-1062 4240 2341 -2594 -2009 -2139
-102 3063 1450 -3433 -1691 -2208
-2711 2944 2813 -3054 -1338 -1888
-929 2635 2056 -2945 -2560 -1351
-441 1776 5425 -3076 -3342 -1051
-1482 1411 5685 -3025 -1137 479
-1670 1192 4774 -3515 719 2109
-3128 493 4517 -2810 2557 2097
-1895 361 4080 -2167 720 1536
1283 846 4405 -1279 -1219 498
344 2029 4760 -810 -478 -190
-648 2599 4690 -912 -282 -523
-146 2485 3509 -730 -831 -912
-621 1721 2805 -762 -514 -973
-2037 1181 3623 -619 -300 -1036
-1978 205 5059 -448 -1050 -858
-401 -583 5467 -390 -1277 -521
226 -1456 4438 -601 -228 -231
-990 -783 4867 -552 628 48
-1575 333 3955 -191 784 170
-1477 1132 4772 78 127 0
-662 1862 4387 687 -313 67
-719 2179 4146 392 -42 -115
-934 1228 4385 -506 253 -70
-1255 1083 4209 -205 208 3
-1378 801 4187 -277 64 49
-1106 853 4283 -187 -192 59
-821 980 4362 -134 -208 102
-905 1009 4317 -124 -68 107
-1101 896 4265 -171 13 91
-1156 886 4243 -140 -86 79
-951 836 4334 -161 -176 47
-949 762 4329 -215 -128 81
-959 776 4329 -206 -108 115
-861 751 4342 -168 -83 106
-888 809 4329 -108 -21 85
-1020 785 4304 -99 15 87
-1025 784 4291 -70 -15 83
-1056 846 4277 -23 -64 78
-1009 930 4288 -25 -113 71
-925 891 4331 -92 -123 48
-884 853 4351 -134 -62 27
-953 712 4325 -147 6 38
-1098 787 4277 -84 -1 80
-1105 780 4263 -65 -87 70
-905 810 4471 -47 -237 73
-705 784 4396 -46 -143 36
-954 814 4342 -38 -33 53
-994 837 4319 -87 -17 70
-984 813 4317 -91 -57 63
-979 799 4318 -92 -71 69
-925 830 4324 -78 -75 96
