-1227 4125 1467 -96 97 54
-1202 4133 1498 -94 153 49
-1237 4146 1574 -82 248 50
-1320 4176 1551 -68 299 65
-1394 4174 1499 -72 230 69
-1406 4168 1507 -59 35 60
-1382 4234 1538 -18 -198 46
-1328 4265 1525 14 -382 25
-1279 4219 1519 8 -475 -16
-1222 4197 1535 -16 -480 -70
-1172 4215 1478 -48 -374 -146
-1219 4242 1385 -79 -147 -197
-1511 4222 1270 -108 159 -244
-1788 4121 1317 -88 316 -296
-1828 3993 1251 -31 187 -379
-1822 3842 1146 -10 -1 -496
-1821 3847 1126 55 -184 -622
-1566 3870 1237 128 -390 -733
-1402 3826 1257 151 -441 -788
-1481 3784 1195 140 -446 -787
-1278 3844 1155 159 -543 -757
-1266 3965 1155 186 -687 -669
-1244 3963 1154 186 -772 -545
-948 3841 1110 156 -862 -461
-896 3667 1103 137 -657 -369
-1027 3481 1171 141 -409 -319
-1104 3288 1139 113 -393 -305
-1027 3033 1095 80 -608 -308
-921 2645 1152 73 -826 -383
-759 2418 1202 43 -991 -540
-704 2265 1143 -40 -1047 -729
-884 2360 1143 -139 -1031 -917
-1033 2642 1172 -145 -905 -1121
-1064 2769 1123 -191 -715 -1322
-1383 2923 1115 -250 -657 -1360
-2796 3207 1228 -226 -753 -1286
-2965 3721 1628 -95 -1136 -1467
-1768 3628 1427 -68 -1412 -1604
-2865 3502 1405 -372 -850 -1509
-4591 3616 2762 -297 -1765 -1493
-1723 4029 3620 -503 -4689 -1656
-1866 4239 4804 -1320 -3289 -1629
-2234 3589 4497 -1984 -967 -1191
-4297 3103 4007 -2588 520 -1140
-9591 4324 7696 -2097 -376 -674
-4755 5216 3418 -967 -4733 931
-2589 3159 3880 -2210 -5895 964
-1032 3177 3732 -2351 -4499 2048
2578 669 4952 -2295 -1903 1311
367 1000 4266 8 3943 854
-2807 1602 4051 274 4329 1701
-2149 2047 3220 -43 906 618
22 1893 3278 -503 -1764 -819
1214 1766 2694 -997 -1635 -953
393 1643 2517 -1430 -489 -616
359 1469 2770 -1393 140 -279
-844 1464 2965 -832 891 -13
-4280 888 4835 -514 835 103
-3308 908 5173 -684 -980 -6
-884 -787 4538 -1485 -1207 -517
-620 -138 4522 86 43 -324
-363 412 4767 409 229 -152
-1033 -382 4887 -340 827 -47
-1796 421 4946 111 1290 100
-1408 -118 4747 -583 1122 -196
-1682 -9 4517 -448 1314 -99
-1980 274 3885 -178 1484 -21
-2309 499 3441 -193 1584 -59
-2365 500 2986 -259 1196 -97
-2326 761 3233 -43 798 -238
-2186 1134 3059 146 703 -289
-2349 1038 2894 22 815 -336
-2702 1043 3333 115 716 -321
-2660 1033 4105 353 396 -281
-2639 1025 3861 139 177 -248
-2215 937 3275 -232 163 -220
-2445 952 3210 -311 489 -219
-3066 986 3289 -297 623 -203
-2833 915 3262 -392 238 -259
-2482 794 3130 -392 -7 -355
-2332 801 2940 -153 257 -365
-2590 928 2697 -70 562 -350
-3043 893 2595 -113 186 -310
-2405 543 3648 36 -1020 -323
-1732 842 4352 -4 -1903 -313
-887 705 4497 -375 -1836 -163
-1841 1024 3905 2 -320 313
-1927 733 3591 -289 220 382
-2080 643 3580 -600 289 25
-2382 400 3589 -540 266 50
-2725 391 3686 -286 202 251
-2712 536 3448 -46 134 346
-2655 580 3279 -15 153 244
-2524 509 3292 -75 49 171
-2369 503 3455 -133 -116 99
-2296 541 3577 -156 -192 35
-2405 512 3701 -214 -134 91
-2663 478 3653 -195 20 179
-2599 475 3461 -144 43 145
-2576 421 3401 -98 -5 45
-2460 449 3425 -46 -79 10
-2408 517 3465 31 -140 12
-2375 563 3512 50 -159 15
-2305 569 3540 37 -143 25
-2289 567 3535 3 -98 21
-2259 575 3542 -19 -64 25
-2291 621 3547 -12 -33 51
-2354 625 3507 -31 -1 64
-2385 634 3501 -57 -7 57
-2395 637 3493 -72 -33 54
-2353 632 3520 -89 -37 54
-2350 635 3520 -86 -35 64
-2345 620 3490 -92 -33 64
-2352 615 3489 -95 -35 63
-2378 593 3493 -108 -36 70
-2401 567 3499 -112 -41 64
-2380 552 3502 -100 -56 50
-2359 551 3450 -95 -62 50
-2372 539 3455 -88 -54 47
-2380 525 3456 -79 -50 47
-2372 535 3487 -66 -52 49
-2346 552 3483 -52 -51 51
-2365 572 3476 -45 -35 55
-2384 592 3478 -52 -30 56
-2370 604 3489 -52 -38 56
-2353 617 3498 -57 -45 57
-2356 615 3496 -66 -42 55
-2359 611 3484 -74 -41 55
