-1087 3879 1090 200 -6 -159
-895 3767 1041 223 -144 -227
-931 3535 892 272 -212 -281
-918 3276 1076 365 -318 -344
-868 3135 1094 430 -363 -418
-919 2942 1097 415 -496 -496
-1164 2855 828 462 -733 -543
-1118 2841 710 533 -1215 -619
-1057 3074 956 633 -1667 -618
-1090 3364 1067 658 -2103 -486
-742 3455 1013 533 -2299 -358
-794 3931 1231 476 -2039 -222
-837 4472 1248 362 -1745 -63
-648 4634 1144 107 -1359 -16
-1360 4845 1213 -156 -665 -131
-1451 4434 1107 -364 -368 -394
-1122 4687 1065 -388 -697 -770
-940 4686 1852 -479 -755 -1072
-1014 4618 2287 -615 -334 -1139
-1186 4092 1956 -870 -615 -1022
-2466 4428 3721 -966 -994 -1026
-2049 4492 3953 -1197 -700 -1280
-2096 4416 3585 -1857 -74 -1337
-1821 3756 2296 -2080 184 -1285
-2059 3592 1949 -2026 161 -1070
-2390 3736 2470 -1659 24 -760
-2815 3903 2332 -1469 88 -506
-3311 4068 2777 -1407 75 -370
-3053 4305 2444 -1264 -288 -229
-2756 4034 2374 -1281 -772 -144
-2551 4618 2652 -1050 -860 68
-2547 5227 2326 -877 -362 488
-2884 5524 2102 -710 63 940
-3097 4737 2661 -576 194 1300
-2747 3642 2724 -318 -149 1376
-2144 2690 2879 72 -1100 1196
-1213 2385 2784 389 -2290 845
-761 2308 2887 485 -2552 442
-623 2405 2803 387 -2519 252
-346 2706 2767 12 -2610 117
560 2876 2929 -477 -2020 17
313 2997 3081 -873 -735 13
-463 3234 3605 -1136 516 -71
-1034 3418 4206 -1250 1103 -281
-1186 3172 4111 -1348 1193 -471
-1371 2625 4029 -1318 852 -526
-1349 2400 3932 -1014 257 -342
-1287 2576 3372 -715 -172 -138
-1389 2639 3027 -572 -260 25
-1417 2684 3033 -456 -379 100
-1273 2436 3068 -458 -528 53
-1064 2228 3216 -456 -768 14
-1112 2200 3530 -388 -803 -39
-1202 2233 3744 -386 -757 -124
-786 2666 3824 -278 -858 -199
-739 1829 4107 -667 -746 -362
-778 2073 4286 -531 -812 -352
-331 2079 4307 -529 -907 -396
158 2007 3973 -767 -343 -524
202 1518 3718 -956 597 -569
-283 1354 3626 -875 1002 -465
-679 1258 3856 -698 783 -385
-874 1256 4082 -746 534 -371
-809 1228 3940 -768 241 -445
-748 738 5024 -761 180 -520
-977 1263 5633 -835 519 -359
-1500 829 5007 -1433 1000 -299
-1867 967 3868 -1272 1551 -199
-1920 880 3282 -1003 1357 -211
-2313 1113 3490 -491 706 -11
-2058 1324 3727 -124 4 20
-1903 1198 4037 -38 -241 5
-1725 1221 4325 55 -257 18
-1467 1247 4244 50 -187 3
-1145 1307 3852 57 -68 59
-1182 1459 3748 41 116 100
-1600 1640 3841 -66 338 141
-1873 1537 3767 -217 374 97
-1826 1332 3729 -303 318 87
-1936 1239 3833 -353 308 127
-1853 1144 3841 -364 186 163
-1680 1133 3889 -370 110 180
-1615 1133 3953 -421 201 204
-2028 1085 4160 -403 339 220
-2089 1113 3797 -230 270 191
-1934 1075 3797 -119 33 172
-1759 1204 3839 -21 -88 116
-1831 1219 3860 -39 -63 120
-1763 1248 3779 -26 -20 167
-1725 1261 3766 -89 43 126
-1751 1262 3785 -130 86 183
-1746 1251 3809 -177 161 184
-1782 1305 3776 -207 255 214
-1957 1228 3864 -250 341 215
-2003 1219 3864 -215 380 233
-2037 1184 3721 -145 328 222
-2035 1191 3669 -82 246 190
-2129 1160 3767 -97 175 170
-2129 1152 3706 -52 106 160
-2151 1160 3638 -15 -16 159
-2074 1236 3684 -22 -124 110
-1955 1260 3720 -18 -176 88
-1981 1228 3745 -21 -159 103
-1988 1281 3734 -12 -147 102
-1944 1299 3695 -13 -144 84
-1918 1294 3692 -28 -134 73
-1944 1287 3742 -38 -111 73
-1991 1276 3769 -41 -96 75
-1967 1306 3726 -29 -109 68
-1887 1297 3711 -27 -128 68
-1926 1292 3769 -29 -110 67
-1921 1327 3773 -18 -98 75
-1925 1319 3709 -25 -90 67
-1892 1363 3718 -33 -85 59
-1930 1339 3760 -51 -65 58
-1930 1323 3743 -52 -65 59
-1916 1330 3723 -58 -69 59
-1892 1348 3720 -64 -76 53
-1888 1335 3736 -86 -53 46
-1955 1293 3753 -84 -44 51
-1963 1317 3753 -62 -67 56
-1906 1328 3730 -51 -88 50
-1912 1331 3739 -50 -93 56
-1886 1348 3752 -51 -97 52
-1889 1315 3755 -56 -86 55
-1929 1353 3752 -52 -85 59
-1903 1351 3782 -56 -96 61
-1893 1327 3738 -54 -99 54
