-1025 4168 1305 115 -304 119
-1041 4188 1312 137 -338 146
-1087 4212 1312 159 -366 175
-1107 4251 1335 178 -402 203
-1108 4267 1361 185 -424 216
-1140 4256 1358 176 -430 211
-1161 4294 1373 173 -450 202
-1172 4361 1379 168 -479 190
-1157 4402 1377 144 -482 170
-1128 4398 1381 103 -453 132
-1126 4402 1385 50 -401 90
-1144 4450 1380 -3 -348 29
-1168 4504 1374 -37 -327 -23
-1073 4502 1379 -77 -337 -83
-1040 4459 1364 -127 -300 -117
-1002 4391 1352 -189 -239 -146
-968 4332 1315 -244 -173 -186
-952 4292 1253 -285 -110 -214
-954 4280 1214 -318 -54 -247
-968 4275 1178 -329 -20 -253
-923 3940 1155 -301 -10 -214
-1186 4491 1075 11 57 -46
-1039 4257 1094 -144 -54 -52
-967 4366 1122 -128 -171 -1
-927 4213 1178 -188 -180 40
-910 4289 1183 -88 -165 87
-937 4299 1175 -98 -109 75
-1006 4313 1189 -126 -74 54
-961 4289 1245 -130 -126 38
-946 4236 1252 -133 -137 56
-976 4279 1275 -88 -84 115
-1010 4334 1287 -56 -32 151
-1009 4349 1314 -46 -3 163
-992 4336 1319 -49 36 166
-1021 4242 1269 -58 86 174
-1056 4195 1262 -16 89 169
-1026 4213 1236 25 58 169
-962 4231 1241 33 121 169
-970 4211 1281 35 384 181
-1157 4198 1162 39 690 195
-1373 4169 1119 52 804 209
-1450 4118 1142 92 678 199
-1468 4043 1047 131 464 184
-1376 3992 1010 179 181 139
-1313 3996 1003 243 27 95
-1279 3982 871 286 -112 56
-1257 3866 985 339 -343 14
-1009 3855 1031 404 -722 11
-1011 3752 945 463 -809 23
-1080 3637 719 481 -741 57
-1176 3466 613 547 -893 50
-1060 3468 564 658 -1230 -5
-1058 3456 570 704 -1574 -99
-911 3457 498 759 -1823 -141
-559 3476 409 789 -1994 -187
-760 3642 650 783 -1887 -199
-639 3785 922 798 -1925 -236
-477 3962 1053 628 -1936 -310
-539 4201 1097 395 -1741 -356
-424 4217 1174 175 -1523 -338
-141 4169 1205 -170 -1226 -328
-667 4476 1141 -498 -496 -343
-966 4666 1011 -816 188 -345
-903 4752 1373 -1050 -70 -306
-545 4900 2641 -1303 -305 -397
-1822 5571 3284 -1885 -402 -520
-1190 5310 2810 -2440 -832 -755
-1494 5219 1854 -2750 -168 -892
-1727 4675 1281 -2907 505 -943
-1527 4334 1075 -2697 -89 -858
-2001 4082 1799 -2345 -433 -753
-2135 4131 2671 -1949 -694 -682
-1939 3975 2764 -1859 -452 -566
-2279 4610 2508 -1682 -21 -427
-1888 3995 2665 -1793 -288 -340
-2717 4127 3088 -1507 -347 -206
-2206 4337 2986 -1350 -664 -145
-1520 4243 3079 -1358 -748 -27
-1228 4294 3067 -1365 -331 234
-1759 4313 3438 -1337 189 666
-2193 4169 3174 -1116 276 1010
-1794 3343 3191 -920 -232 1111
-1435 2401 3496 -604 -479 949
-1475 1593 4313 -227 -1168 637
-338 1432 4629 90 -2266 274
600 1635 4436 -186 -1962 3
110 1780 3964 -705 -718 -24
-538 2333 3493 -871 118 -53
-1259 2230 3088 -975 170 -118
-1532 2551 3418 -811 -179 -155
-1528 2327 3524 -777 -141 -190
-1624 2002 3658 -739 23 -236
-1315 1723 3580 -585 -98 -388
-909 1498 3457 -464 -485 -570
-322 1137 3190 -312 -851 -685
-44 887 3580 -69 -905 -698
-69 987 3949 86 -812 -601
-340 1089 4034 10 -680 -537
-142 1480 4601 -67 -416 -536
-821 1698 4978 -330 282 -496
-826 1940 5033 -572 458 -490
-1074 1882 4350 -870 872 -482
-1617 1578 4200 -936 1041 -368
-1661 1685 4609 -631 502 -275
-1170 1721 4669 -591 -22 -225
-908 1770 4322 -611 11 -174
-851 1665 4098 -587 221 -103
-868 1805 4171 -428 271 -39
-1108 1779 4017 -322 425 34
-1339 1621 3830 -281 497 60
-1380 1511 3873 -222 396 72
-1488 1446 3985 -187 261 89
-1398 1378 4081 -209 266 84
-1460 1232 4005 -437 446 92
-1598 1468 4011 -262 437 174
-1361 1608 3945 -93 125 179
-1142 1372 3990 -356 31 154
-1191 1359 4106 -282 177 150
-1570 1332 4019 -282 488 166
-1804 1351 4014 -210 581 136
-1837 1420 3892 -100 485 106
-2024 1434 3775 -98 445 102
-1893 1464 3728 -95 262 70
-1982 1415 3729 -167 186 84
-1891 1433 3783 -121 38 58
-1723 1423 3802 -97 -64 43
-1764 1382 3889 -122 -74 32
-1707 1402 3927 -79 -94 44
