-1078 4168 1697 -123 -124 43
-946 4235 1712 -182 -240 70
-966 4092 1713 -311 -223 88
-947 4073 1701 -222 -204 118
-956 4085 1719 -166 -180 120
-1038 4135 1700 -144 -190 102
-1028 4140 1746 -107 -261 72
-929 4216 1766 -100 -316 24
-975 4250 1769 -112 -290 -46
-913 4200 1697 6 -362 -66
-814 4082 1606 82 -467 -80
-766 4054 1541 171 -510 -93
-761 4187 1626 284 -509 -99
-913 4225 1636 321 -499 -89
-846 4330 1645 365 -632 -95
-790 4379 1676 363 -677 -93
-690 4369 1637 304 -677 -110
-695 4359 1562 228 -541 -138
-783 4329 1493 124 -341 -165
-836 4342 1355 48 -231 -202
-933 4321 1318 -14 -143 -228
-997 4378 1347 -33 -135 -245
-1020 4404 1379 -32 -224 -233
-1001 4374 1408 -13 -331 -219
-882 4357 1412 -18 -412 -229
-829 4402 1440 -34 -406 -254
-814 4415 1440 -37 -368 -275
-787 4408 1439 -76 -308 -284
-755 4360 1430 -115 -186 -292
-750 4271 1383 -163 -59 -296
-771 4203 1370 -186 38 -297
-821 4176 1302 -176 113 -279
-869 4134 1260 -153 146 -225
-920 4094 1257 -77 135 -141
-960 4061 1274 4 92 -25
-1038 4113 1277 73 79 88
-1112 4075 1312 155 26 217
-1155 4145 1314 221 -91 301
-1183 4234 1305 273 -238 368
-1145 4321 1322 281 -367 399
-1122 4406 1380 266 -411 411
-1131 4505 1391 223 -369 406
-1106 4527 1378 153 -284 369
-1082 4558 1356 75 -73 300
-1290 4538 1340 4 175 212
-1410 4448 1316 -40 212 107
-1380 4376 1243 -64 102 -3
-1303 4241 1242 -97 -1 -117
-1192 4195 1233 -104 -63 -200
-1202 4147 1221 -118 -5 -256
-1206 4073 1215 -113 -19 -280
-1162 4055 1176 -94 -85 -281
-1205 4000 1157 -90 -143 -254
-971 3933 1176 -95 -307 -218
-857 3972 1213 -97 -380 -166
-1032 3831 1148 -122 -194 -117
-821 3583 1089 -191 -92 -121
-749 3378 1005 -242 -8 -161
-982 3227 982 -259 155 -243
-1102 3061 928 -271 99 -338
-1149 3059 858 -248 -271 -437
-1047 3194 907 -196 -642 -520
-1132 3349 1073 -187 -856 -548
-1253 3439 978 -234 -1145 -572
-1468 3469 729 -339 -1670 -607
-1353 3442 1280 -249 -2290 -610
-881 3864 1489 -95 -2617 -619
-224 3872 1267 -529 -2350 -643
-637 3631 1113 -915 -1485 -602
-1198 3708 1446 -915 -1014 -562
-840 3991 1869 -936 -934 -633
-1206 3901 2487 -1266 -317 -691
-2642 4114 1981 -1383 136 -698
-2520 5059 7818 -1209 -1602 -741
-948 5756 6274 -1650 -1609 -1065
-2583 4931 3842 -3411 58 -1310
-3691 4337 2585 -2915 20 -1415
-2457 4560 3811 -2334 -2538 -1508
-1264 5304 5033 -1781 -3583 -1186
-960 5747 4870 -1359 -2382 -266
-1415 5579 4403 -854 -519 687
-1926 4108 3824 -530 460 1118
-2141 2512 3772 -267 490 912
-1401 929 3015 -273 -605 -20
-752 880 2530 -63 -1932 -895
-241 1093 2454 318 -3138 -1119
508 1417 3187 384 -3819 -1385
1189 1811 3965 246 -3881 -1125
1781 2186 4942 -387 -2890 -763
1548 2574 5101 -817 -1034 -462
363 1996 4363 -1469 843 -425
7 956 4415 -1387 743 -579
477 1070 4636 -934 78 -674
-429 956 4280 -935 340 -767
-286 786 3863 -1068 563 -838
-452 819 3943 -814 256 -949
-254 216 4079 -700 -4 -1062
-179 346 4436 -432 -503 -1084
-62 278 5647 -352 -955 -979
489 154 6501 -530 -1348 -689
840 232 6523 -883 -876 -504
342 611 5336 -1265 132 -377
424 1523 3887 -1115 381 -435
553 1612 3192 -885 443 -621
-137 1278 2881 -877 890 -437
-337 1348 2983 -500 694 11
-837 1164 4003 159 52 399
-890 1224 4412 523 -391 736
-465 1261 4734 505 -609 743
-383 978 4986 297 -271 566
-450 774 4969 125 63 453
-335 681 4856 2 138 414
-298 837 4523 -112 242 375
-472 795 4125 -217 248 330
-335 762 4065 -173 -72 270
-151 948 4215 21 -330 244
-210 1064 4374 119 -191 192
-290 1168 4495 143 31 174
-307 1275 4490 195 191 160
-293 1436 4380 205 304 150
-381 1490 4377 185 392 136
-499 1528 4503 158 393 133
-538 1589 4667 140 301 162
-588 1566 4648 53 216 180
-608 1504 4567 -40 143 187
-667 1391 4401 -107 117 179
-627 1321 4292 -113 31 163
-662 1237 4290 -95 -17 164
