-341 2344 1344 -343 -614 -221
-447 2493 1250 -62 -888 -181
-468 2486 1542 237 -1294 -123
-617 2642 1310 377 -1715 -50
-635 2977 928 417 -1947 33
-633 3402 912 539 -2050 156
-562 3620 906 489 -2087 212
-488 3611 538 283 -1923 103
-304 4311 -406 89 -1424 -166
-34 4195 -764 -175 -849 -502
1 3944 -700 -204 -376 -868
395 4196 -1179 -245 -9 -1079
1155 4056 -1431 -245 680 -1257
891 4341 -1520 -296 1364 -1157
-275 4431 -1584 -474 1190 -624
150 4976 -1257 -579 167 167
840 5188 -2028 -572 -256 945
2115 3921 -2276 -421 -666 1819
2103 5336 -4007 415 -916 2680
1138 7532 -4352 1573 -1289 3983
1359 10196 -2690 3950 -2274 5064
1172 9571 -1710 4811 -2438 5155
1859 7711 1784 4955 -1900 4389
-2077 9939 5986 4910 -251 3368
9095 7588 9734 613 -3416 1391
-4149 4974 2893 -523 4145 -884
624 12507 11227 -1361 3604 -1222
-1668 14106 9337 -3870 1667 -2716
2820 10751 2702 -5516 2613 -4625
2897 -2499 -2070 -4857 -846 -3507
-1775 -1381 5395 -2670 -1368 -815
3406 16359 4043 -2084 66 -290
-1518 1103 4460 -3680 2269 -1487
-427 4908 4119 -2008 1014 -1478
-833 3820 3089 -1477 1182 -1228
-1568 4350 2501 -1213 1491 -917
-1692 3118 3791 -1199 549 -124
-312 3837 3695 -433 -246 231
-523 3999 2784 23 -740 201
38 3622 3208 -159 -1285 -28
-935 4061 3539 -709 -1801 -472
-515 4772 3230 -1396 -2363 -1152
-517 7034 2710 -2014 -1129 -1830
-1366 9955 3223 -2735 769 -2324
-566 8705 2749 -3569 1915 -3080
477 6741 3108 -3863 1970 -3854
2043 7210 1394 -4055 1115 -4017
810 5772 272 -4534 623 -4052
-386 5302 -574 -4028 -860 -3950
2014 3383 834 -4177 -2656 -3695
2793 927 39 -4216 -1294 -2396
1692 -4869 -1312 -4423 597 -1015
789 -7497 1045 -2793 847 963
-804 -4620 3089 -1229 817 3198
-2097 -4410 3847 -1757 1447 3674
-2200 -3087 3111 -2050 758 3355
-854 -2600 1571 -1755 -980 2813
434 -3276 1358 -948 -1419 2508
-1318 -7202 6316 654 -740 2744
3056 10209 15007 4143 -714 3281
-11683 -11126 2256 -456 9064 1178
-3056 4365 1254 -311 1125 -845
-5482 2388 1376 -272 760 473
-3680 1177 2684 48 1175 493
-2500 1614 3304 103 442 96
-4470 868 2520 -258 765 -126
-2396 -273 3410 -260 357 -281
-2952 435 3197 52 378 -41
-3405 647 3554 -1 186 -93
-2890 527 3405 -381 -257 -177
-2649 462 3199 -381 -614 -145
-2552 218 2825 -298 -800 9
-2584 -139 2989 -174 -646 95
-2245 319 2921 -86 -459 191
-2948 -169 3030 -243 -51 285
-3849 588 3371 -92 84 406
-4180 -184 3222 -42 -576 511
-3320 -365 2967 308 -1543 496
-3524 245 3771 1021 -2169 570
-3093 -413 3510 1652 -3256 685
-286 704 4026 2305 -4149 938
-866 1466 5080 1748 -2216 722
-1403 1473 4418 1480 -681 698
-1229 1527 3682 1245 -628 692
-1438 1456 3013 1205 -568 657
-1238 1605 2689 1303 -749 650
-1060 1529 2828 1426 -768 635
-575 1302 2848 1457 -724 566
-1025 2038 3588 1437 -385 522
-1706 3177 5351 1287 -76 532
-1534 2538 4556 524 108 422
-663 1907 3203 20 191 445
-1074 2566 3330 -20 648 524
-1969 2685 4135 -70 794 605
-1526 2108 3889 -138 244 612
-1253 2096 3780 -125 250 634
-1353 2118 3841 -52 406 626
-1285 2130 3846 65 143 561
-1191 2374 3783 135 3 490
-1070 2531 3771 162 -25 475
-1133 2566 3650 193 -18 505
-1282 2433 3667 217 10 479
-1234 2472 3666 218 -40 427
-1139 2479 3616 215 -114 378
-1113 2567 3607 188 -91 351
-1185 2630 3650 176 -8 332
-1160 2538 3616 180 -28 327
-1162 2577 3646 212 -34 336
-1258 2635 3618 230 27 348
-1152 2768 3549 276 -66 370
-1053 2551 3688 363 -122 420
-1262 2741 3662 453 -72 459
-1164 2765 3466 538 -195 473
-1116 2724 3464 650 -276 517
-1269 2873 3592 763 -245 608
-1461 3054 3548 895 -380 674
-1075 3141 3376 999 -664 722
-1316 3565 3499 1120 -573 741
-1777 3430 2970 1158 -523 740
-2750 3632 2559 1371 -377 585
-2744 3709 2647 1609 291 201
-2577 3389 2161 1687 1725 -290
-2360 3108 1679 1814 3198 -537
-2388 2696 1610 1876 4155 -501
-2270 2922 1284 1856 4576 -289
-1889 3312 1654 1773 5221 -182
-2490 3446 2248 1358 5649 42
-2106 3203 1785 594 4515 232
