-1329 3710 2054 226 81 -192
-1275 3776 2094 306 44 -192
-1144 3857 2134 398 103 -178
-1321 3842 2001 393 359 -178
-1782 3853 1790 386 405 -167
-1720 3942 1731 439 -86 -158
-1664 4067 1844 471 -599 -124
-1465 4157 1823 482 -933 -63
-1113 4076 1682 434 -988 -32
-1095 4127 1588 441 -686 1
-1017 4141 1571 462 -429 41
-1050 4169 1540 460 -113 104
-1184 4203 1427 413 100 195
-1304 4243 1335 354 86 285
-1378 4240 1297 306 -154 396
-1381 4289 1236 245 -461 485
-1298 4431 1142 165 -762 569
-1170 4582 1061 84 -927 634
-1049 4709 1032 15 -896 676
-1000 4751 1022 -44 -682 675
-1030 4803 1009 -94 -360 622
-1118 4698 1008 -115 -125 533
-1181 4496 957 -136 9 406
-1192 4260 916 -144 10 214
-1174 4169 891 -100 -101 46
-1114 4112 883 -45 -269 -94
-1066 3997 960 21 -384 -153
-1076 3951 992 97 -441 -140
-1142 4011 1037 180 -516 -42
-1179 4128 1131 260 -645 105
-1137 4225 1138 308 -767 252
-1087 4238 1160 333 -782 383
-1088 4267 1236 352 -753 456
-1093 4329 1322 359 -724 476
-1091 4339 1385 339 -684 445
-1116 4326 1419 280 -660 378
-1077 4317 1411 216 -667 247
-986 4281 1296 139 -649 82
-927 4230 1241 46 -587 -115
-1004 4066 1231 -17 -542 -290
-1066 3813 1227 -37 -597 -430
-1134 3699 1127 18 -798 -533
-1128 3451 1193 22 -1050 -576
-1116 3134 1323 87 -1360 -579
-1119 2365 1487 39 -1832 -667
-1071 2184 1349 -4 -2150 -906
-1053 2317 1401 -83 -2388 -1222
-908 2620 1689 -126 -2764 -1439
-947 2877 1346 -318 -2999 -1481
-547 2700 1792 -522 -3058 -1241
-355 2962 2557 -458 -2609 -1053
-1091 2746 2431 -855 -1589 -995
-1472 2610 2344 -947 -1139 -942
-1392 2257 2914 -559 -1186 -915
-1984 1690 2759 -479 -1409 -1007
-2018 1237 2313 -472 -2018 -1326
-1236 1432 2035 -275 -2705 -1538
-1197 1172 1292 14 -2805 -1682
-1457 -601 820 281 -2782 -1740
-1033 -40 2430 978 -3211 -1728
-1022 1401 4181 1708 -3697 -1529
-1340 -142 3997 1006 -2690 -1162
-713 994 5783 1144 -2087 -527
-989 3669 6792 869 -1851 481
-1718 4114 5178 -741 1166 1192
-2179 6931 4176 -1086 4246 1460
-4051 5647 837 -2616 5100 1001
-2774 5879 689 -2056 4036 312
-1032 4751 -3705 -1295 1802 -146
-7111 10534 -18879 -205 -2110 975
-7822 32767 32767 4287 -6768 3442
10684 -4193 15780 -2747 6398 -2728
8108 7092 1255 3629 -4866 -166
-753 6427 -3884 1855 -2986 833
3938 8458 -2265 1430 834 668
-1346 416 1883 914 1199 22
-1409 3706 1960 589 1497 -144
-1915 4922 1337 458 453 24
-1088 4665 783 67 -214 -150
-631 3843 2519 -326 -197 -272
-620 4900 969 -452 -577 -782
-1000 3972 1389 -1109 -99 -771
-1710 3319 2855 -1292 684 -303
-1149 4032 2013 -982 376 -606
-2538 3323 2572 -820 -49 -699
-336 4059 3350 -154 -69 459
-2388 3658 2382 471 -485 316
-1017 3950 1603 637 -370 714
-812 3855 2336 83 945 1349
-264 3818 2991 65 349 590
-1537 3923 2384 656 117 181
-1102 4074 1876 826 250 335
-787 4189 1639 728 43 436
-1154 4180 1555 573 -14 392
-884 4297 1767 414 -41 391
-778 4451 1524 257 231 499
-990 4079 2047 7 375 618
-517 4366 1548 -283 338 433
-1109 4038 1868 -391 124 159
-523 4373 1703 -462 192 194
-1170 4186 1997 -453 68 151
-1129 4291 1620 -439 -89 57
-361 4274 1136 -802 576 460
-1453 4027 2401 -1125 1579 720
-596 4124 2678 -780 939 360
-816 4053 2230 -165 -220 37
-627 4244 1902 -57 -132 -99
-983 4112 2020 -139 -137 -126
-950 4101 1992 -41 -212 -205
-726 4281 1929 -42 -353 -184
-979 4070 1879 -221 -53 -66
-925 4088 2029 -380 -2 4
-946 4068 2038 -332 -84 7
-833 4112 1965 -355 -68 -12
-1110 3949 2237 -435 127 62
-1078 3896 1988 -334 33 102
-986 4114 2133 -265 -111 24
-670 4180 2001 -292 -103 -53
-1245 3855 2347 -300 74 28
-926 3986 2314 -150 68 63
-863 4061 2171 -6 -267 -68
-1105 3877 2154 -7 -193 -95
-976 4019 2133 -41 -112 69
-1103 4011 2148 -76 -96 87
-821 4058 2172 -68 -172 106
-991 3992 2215 -85 36 197
-824 4041 2081 -12 -173 133
-1031 4046 2075 16 -187 88
